,location,bhk,total_sqft,bath,price
0,1st Phase JP Nagar,4,2825.0,4,250.0
1,1st Phase JP Nagar,3,1875.0,3,167.0
2,1st Phase JP Nagar,3,2065.0,4,210.0
3,1st Phase JP Nagar,3,2024.0,3,157.0
4,1st Phase JP Nagar,3,2059.0,3,225.0
5,1st Phase JP Nagar,2,1394.0,2,100.0
6,1st Phase JP Nagar,2,1077.0,2,93.0
7,1st Phase JP Nagar,2,1566.0,2,180.0
8,1st Phase JP Nagar,1,840.0,2,50.0
9,1st Phase JP Nagar,3,1590.0,3,131.0
10,1st Phase JP Nagar,3,2180.0,3,210.0
11,1st Phase JP Nagar,2,1180.0,2,88.5
12,1st Phase JP Nagar,2,1200.0,2,86.0
13,1st Phase JP Nagar,2,1394.0,2,85.0
14,1st Phase JP Nagar,3,2077.0,3,175.0
15,1st Phase JP Nagar,2,1205.0,2,85.0
16,1st Phase JP Nagar,4,2615.0,5,222.0
17,1st Phase JP Nagar,2,900.0,2,75.0
18,2nd Stage Nagarbhavi,6,3000.0,8,451.0
19,2nd Stage Nagarbhavi,4,3000.0,3,170.0
20,2nd Stage Nagarbhavi,5,4000.0,4,240.0
21,5th Phase JP Nagar,2,1075.0,2,60.0
22,5th Phase JP Nagar,2,1150.0,3,52.5
23,5th Phase JP Nagar,2,1256.0,2,62.8
24,5th Phase JP Nagar,2,1207.0,2,63.0
25,5th Phase JP Nagar,3,1725.0,2,100.0
26,5th Phase JP Nagar,2,1440.0,2,60.0
27,5th Phase JP Nagar,3,1700.0,2,100.0
28,5th Phase JP Nagar,3,1485.0,2,67.0
29,5th Phase JP Nagar,5,2500.0,5,110.0
30,5th Phase JP Nagar,1,600.0,1,30.0
31,5th Phase JP Nagar,2,1390.0,2,65.0
32,5th Phase JP Nagar,2,1256.0,2,62.8
33,5th Phase JP Nagar,2,1000.0,2,48.0
34,5th Phase JP Nagar,3,1350.0,2,75.0
35,5th Phase JP Nagar,1,552.0,1,23.5
36,5th Phase JP Nagar,2,1200.0,2,51.0
37,5th Phase JP Nagar,3,1240.0,3,60.0
38,5th Phase JP Nagar,3,1550.0,3,75.0
39,5th Phase JP Nagar,3,1485.0,2,66.0
40,5th Phase JP Nagar,2,1030.0,2,57.0
41,5th Phase JP Nagar,2,1200.0,2,68.0
42,5th Phase JP Nagar,2,1190.0,2,61.8
43,5th Phase JP Nagar,5,4000.0,5,170.0
44,5th Phase JP Nagar,2,1080.0,2,53.0
45,5th Phase JP Nagar,2,1041.0,2,54.0
46,5th Phase JP Nagar,2,812.0,2,42.0
47,5th Phase JP Nagar,2,1010.0,2,57.0
48,5th Phase JP Nagar,3,1450.0,2,73.0
49,5th Phase JP Nagar,2,1075.0,2,60.0
50,6th Phase JP Nagar,2,1192.0,2,74.0
51,6th Phase JP Nagar,2,1180.0,2,80.0
52,6th Phase JP Nagar,4,3245.0,4,250.0
53,6th Phase JP Nagar,3,1645.0,3,100.0
54,6th Phase JP Nagar,2,1140.0,2,65.0
55,6th Phase JP Nagar,3,2040.0,3,200.0
56,6th Phase JP Nagar,2,1213.0,2,63.0
57,6th Phase JP Nagar,2,1216.0,2,60.0
58,6th Phase JP Nagar,2,1460.0,2,80.0
59,6th Phase JP Nagar,3,2003.0,3,200.0
60,6th Phase JP Nagar,3,1810.0,3,131.0
61,6th Phase JP Nagar,3,1515.0,2,135.0
62,6th Phase JP Nagar,2,1192.0,2,75.0
63,6th Phase JP Nagar,2,1280.0,2,88.0
64,7th Phase JP Nagar,2,1080.0,2,72.0
65,7th Phase JP Nagar,2,1270.0,2,93.0
66,7th Phase JP Nagar,3,1420.0,2,100.0
67,7th Phase JP Nagar,3,1850.0,3,150.0
68,7th Phase JP Nagar,2,1245.0,2,94.0
69,7th Phase JP Nagar,2,1175.0,2,82.0
70,7th Phase JP Nagar,3,1400.0,2,95.0
71,7th Phase JP Nagar,3,2225.0,3,160.0
72,7th Phase JP Nagar,2,1050.0,2,71.0
73,7th Phase JP Nagar,2,918.0,2,50.49
74,7th Phase JP Nagar,3,1450.0,2,100.0
75,7th Phase JP Nagar,3,1420.0,2,96.0
76,7th Phase JP Nagar,3,1680.0,3,120.0
77,7th Phase JP Nagar,2,980.0,2,69.0
78,7th Phase JP Nagar,2,1180.0,2,72.0
79,7th Phase JP Nagar,3,1400.0,3,115.0
80,7th Phase JP Nagar,2,1270.0,2,83.0
81,7th Phase JP Nagar,4,3300.0,4,150.0
82,7th Phase JP Nagar,4,2503.0,4,188.0
83,7th Phase JP Nagar,3,1250.0,3,65.0
84,7th Phase JP Nagar,3,1575.0,2,110.0
85,7th Phase JP Nagar,3,1850.0,3,140.0
86,7th Phase JP Nagar,3,1575.0,2,120.0
87,7th Phase JP Nagar,3,1850.0,3,150.0
88,7th Phase JP Nagar,3,1680.0,3,120.0
89,7th Phase JP Nagar,2,1175.0,2,82.5
90,7th Phase JP Nagar,3,3300.0,4,160.0
91,7th Phase JP Nagar,3,2200.0,4,105.0
92,7th Phase JP Nagar,2,1215.0,2,90.0
93,7th Phase JP Nagar,2,1050.0,2,75.0
94,7th Phase JP Nagar,3,1300.0,3,89.13
95,7th Phase JP Nagar,2,1130.0,2,73.0
96,7th Phase JP Nagar,3,1450.0,3,100.0
97,7th Phase JP Nagar,3,1350.0,3,58.0
98,7th Phase JP Nagar,2,1050.0,2,50.0
99,7th Phase JP Nagar,2,1275.0,2,87.0
100,7th Phase JP Nagar,3,1460.0,3,70.0
101,7th Phase JP Nagar,3,1650.0,3,110.0
102,7th Phase JP Nagar,2,850.0,2,42.0
103,7th Phase JP Nagar,3,1680.0,3,117.0
104,7th Phase JP Nagar,3,1850.0,3,150.0
105,7th Phase JP Nagar,2,1236.0,2,61.33
106,7th Phase JP Nagar,2,1000.0,2,53.0
107,7th Phase JP Nagar,3,1680.0,3,125.0
108,7th Phase JP Nagar,3,1675.0,2,135.0
109,7th Phase JP Nagar,2,1187.0,2,59.0
110,7th Phase JP Nagar,2,1000.0,2,61.0
111,7th Phase JP Nagar,3,1460.0,2,100.0
112,7th Phase JP Nagar,3,1650.0,3,110.0
113,7th Phase JP Nagar,2,1200.0,2,62.5
114,7th Phase JP Nagar,2,1000.0,2,70.65
115,7th Phase JP Nagar,2,1080.0,2,75.0
116,7th Phase JP Nagar,3,1415.0,3,65.0
117,7th Phase JP Nagar,3,1680.0,3,125.0
118,7th Phase JP Nagar,3,1460.0,2,97.0
119,7th Phase JP Nagar,2,1120.0,2,65.0
120,7th Phase JP Nagar,2,1100.0,3,60.0
121,7th Phase JP Nagar,3,1790.0,3,120.0
122,7th Phase JP Nagar,3,1680.0,3,117.0
123,7th Phase JP Nagar,2,1050.0,2,77.0
124,7th Phase JP Nagar,2,1050.0,2,75.0
125,7th Phase JP Nagar,2,1040.0,2,75.0
126,7th Phase JP Nagar,3,1400.0,2,95.0
127,7th Phase JP Nagar,3,1800.0,3,130.0
128,7th Phase JP Nagar,2,1050.0,2,68.0
129,7th Phase JP Nagar,2,1000.0,2,60.0
130,7th Phase JP Nagar,3,1680.0,3,125.0
131,7th Phase JP Nagar,2,1050.0,2,77.47
132,7th Phase JP Nagar,2,1270.0,2,80.0
133,7th Phase JP Nagar,3,1680.0,3,122.0
134,7th Phase JP Nagar,2,1130.0,2,85.0
135,7th Phase JP Nagar,3,1680.0,3,130.0
136,7th Phase JP Nagar,2,980.0,2,77.44
137,7th Phase JP Nagar,3,1680.0,3,112.0
138,7th Phase JP Nagar,3,1515.0,2,76.0
139,7th Phase JP Nagar,3,2095.0,3,150.0
140,7th Phase JP Nagar,3,1976.0,3,145.0
141,7th Phase JP Nagar,3,1600.0,2,110.0
142,7th Phase JP Nagar,3,1765.0,3,118.0
143,7th Phase JP Nagar,3,1275.0,2,88.0
144,7th Phase JP Nagar,3,1450.0,2,102.0
145,7th Phase JP Nagar,3,1575.0,2,110.0
146,7th Phase JP Nagar,1,750.0,1,47.0
147,7th Phase JP Nagar,2,990.0,2,50.0
148,7th Phase JP Nagar,1,1000.0,1,60.0
149,7th Phase JP Nagar,3,1680.0,2,92.0
150,7th Phase JP Nagar,3,1430.0,2,102.0
151,7th Phase JP Nagar,2,1128.0,2,60.0
152,7th Phase JP Nagar,2,1140.0,2,57.0
153,7th Phase JP Nagar,3,1420.0,3,90.0
154,7th Phase JP Nagar,2,1530.0,2,108.0
155,8th Phase JP Nagar,2,1073.5,2,54.005
156,8th Phase JP Nagar,3,1240.0,3,43.5
157,8th Phase JP Nagar,2,1062.0,2,42.47
158,8th Phase JP Nagar,3,1230.0,2,43.5
159,8th Phase JP Nagar,3,1455.0,3,73.31
160,8th Phase JP Nagar,2,1098.0,2,43.91
161,8th Phase JP Nagar,3,1800.0,3,80.0
162,8th Phase JP Nagar,4,2700.0,4,130.0
163,8th Phase JP Nagar,2,1080.0,2,38.0
164,8th Phase JP Nagar,2,1059.0,2,34.5
165,8th Phase JP Nagar,2,1080.0,2,35.0
166,8th Phase JP Nagar,3,1275.0,2,41.5
167,8th Phase JP Nagar,2,1062.0,2,42.47
168,8th Phase JP Nagar,1,500.0,1,31.0
169,8th Phase JP Nagar,2,1100.0,2,35.0
170,8th Phase JP Nagar,4,2100.0,4,92.0
171,8th Phase JP Nagar,2,1035.0,2,39.33
172,8th Phase JP Nagar,2,909.0,2,40.9
173,8th Phase JP Nagar,3,1431.5,3,72.02
174,8th Phase JP Nagar,3,1900.0,4,90.0
175,8th Phase JP Nagar,1,500.0,1,30.0
176,8th Phase JP Nagar,2,1125.0,2,36.94
177,8th Phase JP Nagar,2,1100.0,2,35.0
178,8th Phase JP Nagar,2,1089.0,2,43.55
179,8th Phase JP Nagar,3,1605.0,2,65.0
180,8th Phase JP Nagar,3,1504.0,2,83.0
181,8th Phase JP Nagar,4,2600.0,4,115.0
182,8th Phase JP Nagar,3,1368.0,2,54.71
183,8th Phase JP Nagar,2,1089.0,2,43.55
184,8th Phase JP Nagar,3,1224.0,2,48.95
185,8th Phase JP Nagar,2,1513.0,2,62.0
186,8th Phase JP Nagar,2,1298.0,2,59.0
187,8th Phase JP Nagar,2,1006.0,2,44.0
188,8th Phase JP Nagar,2,1245.0,2,59.0
189,8th Phase JP Nagar,2,1510.0,2,80.0
190,8th Phase JP Nagar,3,3300.0,3,165.0
191,8th Phase JP Nagar,3,1296.0,2,51.83
192,8th Phase JP Nagar,3,1275.0,3,45.0
193,8th Phase JP Nagar,2,1046.0,2,48.0
194,8th Phase JP Nagar,3,1269.0,2,50.75
195,8th Phase JP Nagar,3,1408.0,3,80.0
196,8th Phase JP Nagar,3,1500.0,2,55.0
197,9th Phase JP Nagar,2,1005.0,2,50.0
198,9th Phase JP Nagar,3,1890.0,2,85.0
199,9th Phase JP Nagar,2,1035.0,2,45.0
200,9th Phase JP Nagar,4,5000.0,4,290.0
201,9th Phase JP Nagar,2,1164.0,2,56.0
202,9th Phase JP Nagar,2,1005.0,2,42.0
203,9th Phase JP Nagar,2,1127.0,2,50.0
204,9th Phase JP Nagar,2,1005.0,2,43.0
205,9th Phase JP Nagar,2,835.0,2,37.0
206,9th Phase JP Nagar,2,1050.0,2,39.0
207,9th Phase JP Nagar,2,1466.0,2,71.0
208,9th Phase JP Nagar,3,1890.0,2,93.0
209,9th Phase JP Nagar,2,1079.0,2,60.0
210,9th Phase JP Nagar,2,1480.0,2,80.0
211,9th Phase JP Nagar,2,1073.0,2,52.36
212,9th Phase JP Nagar,3,1719.3,2,88.0
213,9th Phase JP Nagar,3,1780.0,3,88.0
214,9th Phase JP Nagar,3,1300.0,2,58.0
215,9th Phase JP Nagar,3,1571.0,3,65.0
216,9th Phase JP Nagar,4,1900.0,4,80.0
217,9th Phase JP Nagar,2,890.0,2,45.0
218,9th Phase JP Nagar,2,1331.95,2,69.0
219,Abbigere,2,985.0,2,40.39
220,Abbigere,1,765.0,2,30.0
221,Abbigere,2,880.0,2,35.0
222,Abbigere,2,1005.0,2,39.59
223,Abbigere,3,1260.0,2,45.0
224,Abbigere,2,1020.0,2,41.82
225,Abbigere,2,985.0,2,40.39
226,Abbigere,6,2500.0,6,81.0
227,Abbigere,2,1130.0,2,46.33
228,Abbigere,2,985.0,2,38.92
229,Abbigere,2,1000.0,2,41.0
230,Abbigere,2,995.0,2,40.8
231,Abbigere,2,1020.0,2,40.8
232,Akshaya Nagar,2,1388.0,2,57.0
233,Akshaya Nagar,2,1070.0,2,54.0
234,Akshaya Nagar,2,1280.0,2,58.0
235,Akshaya Nagar,3,1662.0,3,85.1
236,Akshaya Nagar,3,1897.0,3,120.0
237,Akshaya Nagar,3,1410.0,2,75.0
238,Akshaya Nagar,3,1360.0,2,85.0
239,Akshaya Nagar,3,1600.0,2,65.0
240,Akshaya Nagar,3,1410.0,2,80.0
241,Akshaya Nagar,3,1662.0,3,85.0
242,Akshaya Nagar,3,1662.0,3,85.5
243,Akshaya Nagar,2,1280.0,2,60.0
244,Akshaya Nagar,3,1666.0,3,95.0
245,Akshaya Nagar,3,1575.0,3,90.0
246,Akshaya Nagar,3,1430.0,2,75.0
247,Akshaya Nagar,3,1419.0,2,73.0
248,Akshaya Nagar,2,1280.0,2,60.0
249,Akshaya Nagar,2,1200.0,2,50.0
250,Akshaya Nagar,2,1092.0,2,60.0
251,Akshaya Nagar,3,1690.0,3,85.0
252,Akshaya Nagar,3,1700.0,3,80.0
253,Akshaya Nagar,3,1897.0,4,93.0
254,Akshaya Nagar,3,1884.0,3,98.0
255,Akshaya Nagar,2,1314.0,2,68.8
256,Akshaya Nagar,3,1690.0,3,85.0
257,Akshaya Nagar,2,1265.0,2,67.0
258,Akshaya Nagar,2,1126.0,2,55.0
259,Akshaya Nagar,3,2300.0,4,102.0
260,Akshaya Nagar,3,1662.0,3,90.0
261,Akshaya Nagar,3,1420.0,2,75.0
262,Akshaya Nagar,3,1412.0,2,88.0
263,Akshaya Nagar,3,1434.0,3,84.0
264,Akshaya Nagar,3,1890.0,4,100.0
265,Akshaya Nagar,3,2650.0,3,125.0
266,Akshaya Nagar,3,1419.0,2,87.0
267,Akshaya Nagar,2,1300.0,2,54.0
268,Akshaya Nagar,3,1690.0,3,85.0
269,Akshaya Nagar,2,1113.0,2,52.0
270,Akshaya Nagar,3,1820.0,4,95.0
271,Akshaya Nagar,2,1100.0,2,48.0
272,Akshaya Nagar,3,1896.0,3,102.0
273,Akshaya Nagar,2,1300.0,2,66.0
274,Akshaya Nagar,2,1225.0,2,68.0
275,Akshaya Nagar,2,1179.0,2,51.0
276,Akshaya Nagar,3,1421.0,2,73.0
277,Akshaya Nagar,3,1893.0,4,95.0
278,Akshaya Nagar,2,900.0,2,45.0
279,Ambalipura,2,1105.0,2,75.0
280,Ambalipura,3,1800.0,3,110.0
281,Ambalipura,2,1150.0,2,80.0
282,Ambalipura,2,1250.0,2,66.25
283,Ambalipura,2,1332.0,2,79.0
284,Ambalipura,3,1730.0,3,120.0
285,Ambalipura,3,3500.0,3,198.0
286,Ambalipura,2,1230.0,2,66.25
287,Ambalipura,2,1351.0,2,77.0
288,Ambalipura,4,2550.0,4,149.0
289,Ambalipura,3,1817.0,3,102.0
290,Ambalipura,4,2750.0,4,142.0
291,Ambalipura,2,1303.0,2,80.0
292,Ambalipura,3,1607.0,2,112.0
293,Ambalipura,1,770.0,1,43.82
294,Ambalipura,2,1700.0,2,76.0
295,Ambalipura,2,1060.0,2,58.5
296,Ambalipura,3,1650.0,3,100.0
297,Ambalipura,3,1607.0,2,112.0
298,Ambalipura,2,1198.0,2,80.0
299,Ambedkar Nagar,3,1935.0,4,130.0
300,Ambedkar Nagar,2,1424.0,2,90.0
301,Ambedkar Nagar,3,2225.0,4,169.0
302,Ambedkar Nagar,3,1862.0,3,120.0
303,Ambedkar Nagar,3,1850.0,4,139.0
304,Ambedkar Nagar,3,1936.0,4,126.0
305,Ambedkar Nagar,3,1862.0,3,119.0
306,Ambedkar Nagar,2,1424.0,2,90.0
307,Ambedkar Nagar,3,2150.0,4,125.0
308,Ambedkar Nagar,4,3530.0,4,290.0
309,Ambedkar Nagar,3,1856.0,3,120.0
310,Ambedkar Nagar,3,1852.0,3,130.0
311,Ambedkar Nagar,3,1850.0,4,120.0
312,Ambedkar Nagar,2,1367.0,2,86.0
313,Ambedkar Nagar,4,3565.0,4,255.0
314,Ambedkar Nagar,2,1409.0,2,95.0
315,Ambedkar Nagar,3,1950.0,4,120.0
316,Ambedkar Nagar,3,1921.0,4,129.0
317,Ambedkar Nagar,3,1920.0,4,121.0
318,Ambedkar Nagar,3,1935.0,4,125.0
319,Ambedkar Nagar,3,1852.0,4,122.0
320,Ambedkar Nagar,3,1950.0,4,120.0
321,Ambedkar Nagar,3,1852.0,3,125.0
322,Ambedkar Nagar,3,1850.0,4,121.0
323,Ambedkar Nagar,2,1425.0,2,94.0
324,Ambedkar Nagar,3,2395.0,4,150.0
325,Amruthahalli,2,900.0,2,40.0
326,Amruthahalli,2,1200.0,2,55.0
327,Amruthahalli,3,1900.0,3,135.0
328,Amruthahalli,2,924.0,2,45.0
329,Amruthahalli,2,900.0,2,60.0
330,Amruthahalli,2,1100.0,2,45.0
331,Amruthahalli,2,1200.0,2,55.0
332,Amruthahalli,3,1350.0,2,63.0
333,Amruthahalli,3,1605.0,3,65.0
334,Amruthahalli,3,1700.0,3,77.0
335,Amruthahalli,3,1450.0,2,85.0
336,Amruthahalli,2,1200.0,2,55.0
337,Amruthahalli,2,1250.0,2,79.0
338,Amruthahalli,2,1190.0,2,50.0
339,Amruthahalli,2,1202.0,2,65.0
340,Amruthahalli,2,1340.0,2,75.0
341,Amruthahalli,3,2650.0,4,175.0
342,Amruthahalli,3,1450.0,2,90.0
343,Amruthahalli,2,1025.0,2,42.0
344,Amruthahalli,1,485.0,1,19.5
345,Anandapura,2,1167.0,2,43.76
346,Anandapura,2,1000.0,2,55.0
347,Anandapura,2,1141.0,2,42.79
348,Anandapura,3,1576.0,3,59.1
349,Anandapura,2,1200.0,2,67.0
350,Anandapura,2,1200.0,2,58.0
351,Anandapura,2,1151.0,2,43.1
352,Anandapura,2,1141.0,2,42.75
353,Anandapura,2,900.0,2,48.0
354,Anandapura,4,1749.0,4,90.0
355,Anandapura,2,1151.0,2,42.9
356,Anandapura,3,1576.0,3,58.0
357,Anandapura,2,1250.0,2,45.0
358,Anandapura,2,1151.0,2,43.16
359,Anandapura,2,1200.0,2,58.0
360,Anandapura,3,1200.0,2,66.0
361,Anandapura,3,1415.0,2,74.0
362,Anandapura,2,1200.0,2,50.0
363,Anandapura,2,1141.0,2,50.0
364,Anandapura,3,1576.0,3,58.7
365,Ananth Nagar,1,500.0,1,14.0
366,Ananth Nagar,2,1100.0,2,31.5
367,Ananth Nagar,2,982.0,2,24.55
368,Ananth Nagar,1,500.0,2,14.0
369,Ananth Nagar,2,900.0,2,22.5
370,Ananth Nagar,2,908.0,2,26.0
371,Ananth Nagar,2,937.0,2,35.0
372,Ananth Nagar,2,960.0,2,37.0
373,Ananth Nagar,1,500.0,1,14.0
374,Ananth Nagar,2,1000.0,2,29.7
375,Ananth Nagar,2,850.0,2,25.99
376,Ananth Nagar,2,902.0,2,25.26
377,Ananth Nagar,3,1470.0,3,54.0
378,Ananth Nagar,2,810.0,2,25.5
379,Ananth Nagar,2,890.0,2,27.0
380,Ananth Nagar,2,1200.0,2,36.0
381,Ananth Nagar,3,1319.0,3,37.75
382,Ananth Nagar,3,1319.0,3,42.0
383,Ananth Nagar,2,1000.0,2,25.0
384,Ananth Nagar,2,902.0,2,25.0
385,Ananth Nagar,2,930.0,2,25.99
386,Ananth Nagar,2,1074.0,2,26.85
387,Ananth Nagar,1,500.0,1,14.0
388,Ananth Nagar,2,1010.0,2,38.0
389,Ananth Nagar,2,992.0,2,24.8
390,Anekal,2,1200.0,1,36.0
391,Anekal,1,600.0,1,16.5
392,Anekal,2,925.0,2,40.0
393,Anekal,1,530.0,1,18.0
394,Anekal,3,1800.0,3,68.0
395,Anekal,2,1200.0,1,36.0
396,Anekal,2,1035.0,2,38.3
397,Anekal,2,888.0,2,34.0
398,Anekal,2,1200.0,2,36.1
399,Anekal,2,1200.0,1,36.0
400,Anekal,2,1200.0,1,36.0
401,Anekal,2,1200.0,1,36.0
402,Anekal,1,400.0,1,11.5
403,Anekal,1,456.0,1,15.0
404,Anekal,2,1200.0,1,36.0
405,Anekal,2,1200.0,1,36.0
406,Anekal,3,2400.0,4,95.0
407,Anekal,2,1200.0,2,36.1
408,Anekal,2,1200.0,2,36.1
409,Anekal,1,420.0,1,12.5
410,Anekal,2,1140.0,2,52.0
411,Ardendale,3,1750.0,3,100.0
412,Ardendale,4,3198.0,4,200.0
413,Ardendale,4,2422.0,4,160.0
414,Ardendale,3,1750.0,3,100.0
415,Ardendale,4,3200.0,4,205.0
416,Ardendale,3,1728.0,3,95.0
417,Ardendale,4,2062.0,3,140.0
418,Ardendale,3,1732.46,3,92.0
419,Ardendale,4,2062.0,3,150.0
420,Ardendale,4,2800.0,4,140.0
421,Ardendale,2,1224.0,2,70.0
422,Ardendale,3,1777.26,3,105.0
423,Ardendale,3,1650.0,3,82.0
424,Ardendale,4,2062.0,3,140.0
425,Ardendale,3,1650.0,3,82.0
426,Ardendale,2,1224.0,2,67.0
427,Ardendale,3,1723.0,3,95.0
428,Ardendale,3,1777.26,3,89.0
429,Ardendale,3,1777.26,3,92.0
430,Attibele,1,450.0,1,11.0
431,Attibele,4,1600.0,4,52.8
432,Attibele,1,400.0,1,11.0
433,Attibele,1,400.0,1,12.0
434,Attibele,1,400.0,1,14.0
435,Attibele,1,500.0,1,17.0
436,Attibele,4,2168.0,4,95.0
437,Attibele,1,420.0,1,17.0
438,Attibele,3,1639.0,2,40.98
439,Attibele,1,418.0,1,12.0
440,Attibele,2,1200.0,2,42.0
441,Attibele,1,400.0,1,10.0
442,Attibele,2,850.0,1,25.0
443,Attibele,3,2400.0,3,120.0
444,Attibele,1,450.0,1,12.5
445,Attibele,2,995.0,1,24.88
446,Attibele,2,900.0,1,25.0
447,Attibele,2,1174.0,2,29.35
448,Attibele,1,782.0,1,19.55
449,Attibele,2,1175.0,2,29.38
450,Attibele,1,400.0,1,11.5
451,Attibele,1,460.0,1,13.0
452,Attibele,1,418.0,2,11.5
453,Attibele,2,1000.0,2,42.0
454,Attibele,1,550.0,1,11.5
455,Attibele,2,996.0,2,24.9
456,Attibele,1,410.0,1,10.0
457,Attibele,3,1700.0,3,65.0
458,Attibele,1,400.0,1,10.25
459,Attibele,1,520.0,1,15.0
460,BTM 2nd Stage,2,950.0,2,52.0
461,BTM 2nd Stage,3,1850.0,3,170.0
462,BTM 2nd Stage,2,1200.0,2,80.0
463,BTM 2nd Stage,2,1274.0,2,70.0
464,BTM 2nd Stage,3,1250.0,3,50.0
465,BTM 2nd Stage,2,1070.0,2,48.0
466,BTM 2nd Stage,2,1280.0,2,80.0
467,BTM 2nd Stage,2,1100.0,2,70.0
468,BTM 2nd Stage,2,1000.0,2,58.0
469,BTM 2nd Stage,2,1265.0,2,55.0
470,BTM 2nd Stage,3,2200.0,3,220.0
471,BTM 2nd Stage,3,2780.0,4,325.0
472,BTM 2nd Stage,2,965.0,2,56.0
473,BTM 2nd Stage,2,1147.0,2,75.0
474,BTM 2nd Stage,3,1750.0,3,172.0
475,BTM 2nd Stage,2,1400.0,2,90.0
476,BTM 2nd Stage,2,1200.0,2,70.0
477,BTM 2nd Stage,2,1100.0,2,47.0
478,BTM 2nd Stage,2,930.0,2,46.0
479,BTM 2nd Stage,3,1265.0,2,55.0
480,Babusapalaya,3,1358.0,2,43.4
481,Babusapalaya,3,1213.0,2,41.39
482,Babusapalaya,3,1611.0,2,66.0
483,Babusapalaya,3,1675.0,3,75.0
484,Babusapalaya,2,1141.0,2,46.0
485,Babusapalaya,2,1500.0,2,57.0
486,Babusapalaya,3,1453.0,2,43.59
487,Babusapalaya,2,1050.0,2,45.0
488,Babusapalaya,2,1141.0,2,45.9
489,Babusapalaya,3,1358.0,2,43.1
490,Babusapalaya,3,1230.0,3,53.0
491,Babusapalaya,2,1105.0,2,40.0
492,Babusapalaya,3,1410.0,2,65.0
493,Babusapalaya,2,1450.0,2,55.99
494,Babusapalaya,2,1100.0,2,38.0
495,Babusapalaya,3,1213.0,2,36.37
496,Babusapalaya,2,1061.0,2,33.84
497,Babusapalaya,2,1061.0,2,38.95
498,Babusapalaya,2,1061.0,2,34.0
499,Babusapalaya,2,1245.0,2,58.0
500,Balagere,2,1210.0,2,80.9
501,Balagere,2,1210.0,2,72.0
502,Balagere,2,1205.0,2,78.5
503,Balagere,1,790.5,1,41.9
504,Balagere,2,1145.0,2,65.0
505,Balagere,2,1012.0,2,54.59
506,Balagere,2,1020.07,2,68.38
507,Balagere,2,1205.47,2,81.0
508,Balagere,2,1007.0,2,65.0
509,Balagere,2,1205.0,2,70.0
510,Balagere,2,1210.0,2,74.0
511,Balagere,2,1210.0,2,83.0
512,Balagere,1,675.0,1,45.0
513,Balagere,1,656.0,1,43.0
514,Balagere,2,1012.0,2,54.59
515,Balagere,2,1012.0,2,64.0
516,Balagere,2,1007.0,2,62.0
517,Balagere,2,1007.0,2,67.0
518,Balagere,2,1007.0,2,66.0
519,Balagere,2,1205.0,2,63.86
520,Balagere,2,1012.0,2,53.58
521,Balagere,1,645.0,1,34.18
522,Balagere,2,1007.0,2,53.0
523,Balagere,2,1210.0,2,69.0
524,Balagere,1,790.5,1,42.295
525,Balagere,2,1012.0,2,65.0
526,Balagere,1,656.0,1,38.77
527,Balagere,1,645.0,1,39.0
528,Balagere,1,645.0,1,41.0
529,Balagere,2,1210.0,2,82.0
530,Balagere,1,656.0,1,34.77
531,Balagere,2,1205.0,2,73.87
532,Balagere,2,1012.0,2,70.0
533,Balagere,2,1007.0,2,68.0
534,Balagere,2,1205.0,2,67.0
535,Balagere,2,1205.0,2,79.0
536,Balagere,2,1012.0,2,68.0
537,Banashankari,3,1200.0,2,42.0
538,Banashankari,2,1077.0,2,37.64
539,Banashankari,3,1470.0,2,88.64
540,Banashankari,3,1300.0,2,75.0
541,Banashankari,3,1800.0,3,115.0
542,Banashankari,2,1125.0,2,63.0
543,Banashankari,3,1340.0,2,53.6
544,Banashankari,2,1310.0,2,80.0
545,Banashankari,3,2600.0,4,135.0
546,Banashankari,3,1900.0,2,170.0
547,Banashankari,2,1260.0,2,75.0
548,Banashankari,2,1170.0,2,46.79
549,Banashankari,4,2500.0,4,95.0
550,Banashankari,3,1350.0,2,83.0
551,Banashankari,3,1425.0,3,49.88
552,Banashankari,2,1330.0,2,78.0
553,Banashankari,3,1400.0,2,78.0
554,Banashankari,3,1700.0,3,125.0
555,Banashankari,2,1020.0,2,40.79
556,Banashankari,2,1600.0,2,63.98
557,Banashankari,2,1041.0,2,36.44
558,Banashankari,1,2400.0,1,200.0
559,Banashankari,2,1390.0,2,86.0
560,Banashankari,2,1460.0,2,70.0
561,Banashankari,2,1200.0,2,60.0
562,Banashankari,2,1290.0,2,80.0
563,Banashankari,3,2582.0,5,250.0
564,Banashankari,2,1186.0,2,65.0
565,Banashankari,3,1650.0,3,101.0
566,Banashankari,3,1300.0,2,55.0
567,Banashankari,2,1181.0,2,75.0
568,Banashankari,2,1105.0,2,90.0
569,Banashankari,1,720.0,1,60.0
570,Banashankari,2,1040.0,2,45.0
571,Banashankari,2,1330.0,2,77.0
572,Banashankari,2,1200.0,2,49.0
573,Banashankari,2,1185.0,2,67.0
574,Banashankari,2,1000.0,2,50.0
575,Banashankari,3,1650.0,3,90.75
576,Banashankari,3,1650.0,3,101.0
577,Banashankari,2,1310.0,2,80.43
578,Banashankari,2,1430.0,2,87.8
579,Banashankari,2,1020.0,2,42.83
580,Banashankari,3,1372.0,2,48.02
581,Banashankari,3,1540.0,3,80.0
582,Banashankari,2,1195.0,2,35.84
583,Banashankari,3,1683.0,3,115.0
584,Banashankari,3,1800.0,3,125.0
585,Banashankari,2,1175.0,2,41.13
586,Banashankari,3,1750.0,2,89.0
587,Banashankari,3,1800.0,3,175.0
588,Banashankari,2,1450.0,2,50.75
589,Banashankari,3,1770.0,3,108.0
590,Banashankari,3,1800.0,3,125.0
591,Banashankari,3,1200.0,2,42.0
592,Banashankari,3,1420.0,3,66.0
593,Banashankari,3,1200.0,3,74.52
594,Banashankari,2,1100.0,2,63.0
595,Banashankari,2,1020.0,2,40.79
596,Banashankari,2,1260.0,2,75.0
597,Banashankari,3,1340.0,2,53.6
598,Banashankari,3,1426.0,3,85.0
599,Banashankari Stage III,3,1305.0,2,58.7
600,Banashankari Stage III,2,1145.0,2,58.4
601,Banashankari Stage III,3,1650.0,3,118.0
602,Banashankari Stage III,3,1350.0,2,68.0
603,Banashankari Stage III,4,2000.0,4,100.0
604,Banashankari Stage III,3,1305.0,2,59.0
605,Banashankari Stage III,3,1305.0,2,60.0
606,Banashankari Stage III,2,1200.0,2,42.0
607,Banashankari Stage III,3,1305.0,2,59.0
608,Banashankari Stage III,3,1480.0,3,75.48
609,Banashankari Stage III,3,1305.0,2,59.0
610,Banashankari Stage III,2,1304.0,2,111.0
611,Banashankari Stage III,6,3000.0,6,150.0
612,Banashankari Stage III,2,1085.0,2,50.0
613,Banashankari Stage III,3,1500.0,2,100.0
614,Banashankari Stage III,4,2100.0,3,147.0
615,Banashankari Stage III,3,1420.0,2,95.0
616,Bannerghatta Road,1,500.0,1,18.5
617,Bannerghatta Road,2,1050.0,2,65.0
618,Bannerghatta Road,1,595.0,1,33.32
619,Bannerghatta Road,3,1445.0,3,95.0
620,Bannerghatta Road,3,1640.0,2,120.0
621,Bannerghatta Road,3,1460.0,2,90.0
622,Bannerghatta Road,3,1556.0,2,59.13
623,Bannerghatta Road,2,1179.0,2,66.02
624,Bannerghatta Road,2,1122.5,2,58.935
625,Bannerghatta Road,3,1484.0,3,52.5
626,Bannerghatta Road,2,1400.0,2,78.0
627,Bannerghatta Road,5,2700.0,5,158.0
628,Bannerghatta Road,2,1215.0,2,50.0
629,Bannerghatta Road,3,1654.0,3,100.0
630,Bannerghatta Road,2,1181.0,2,55.0
631,Bannerghatta Road,3,1460.0,2,72.0
632,Bannerghatta Road,2,1200.0,2,75.0
633,Bannerghatta Road,3,1760.0,3,67.0
634,Bannerghatta Road,1,595.0,1,31.83
635,Bannerghatta Road,2,1105.0,2,51.0
636,Bannerghatta Road,2,1255.0,2,65.26
637,Bannerghatta Road,3,1550.0,3,78.0
638,Bannerghatta Road,3,1550.0,3,82.0
639,Bannerghatta Road,3,1550.0,2,75.0
640,Bannerghatta Road,3,1650.0,3,122.0
641,Bannerghatta Road,2,912.0,2,55.0
642,Bannerghatta Road,2,1218.0,2,73.0
643,Bannerghatta Road,3,1427.0,2,48.51
644,Bannerghatta Road,2,1115.0,2,65.12
645,Bannerghatta Road,3,1344.0,2,42.0
646,Bannerghatta Road,3,1893.0,3,100.0
647,Bannerghatta Road,3,1600.0,3,95.0
648,Bannerghatta Road,2,1275.0,2,65.0
649,Bannerghatta Road,2,892.0,2,39.0
650,Bannerghatta Road,3,1880.0,3,95.0
651,Bannerghatta Road,2,1260.0,2,70.0
652,Bannerghatta Road,3,1788.0,3,90.0
653,Bannerghatta Road,2,1157.0,2,40.0
654,Bannerghatta Road,2,1150.0,2,65.0
655,Bannerghatta Road,4,10000.0,4,450.0
656,Bannerghatta Road,2,1100.0,2,39.0
657,Bannerghatta Road,3,1400.0,3,68.0
658,Bannerghatta Road,3,1725.0,3,110.0
659,Bannerghatta Road,3,9000.0,4,390.0
660,Bannerghatta Road,2,950.0,2,38.0
661,Bannerghatta Road,2,1220.0,2,80.0
662,Bannerghatta Road,2,1130.0,2,78.0
663,Bannerghatta Road,3,1350.0,2,51.0
664,Bannerghatta Road,3,1486.0,3,83.22
665,Bannerghatta Road,3,1460.0,2,75.0
666,Bannerghatta Road,2,1015.0,2,48.0
667,Bannerghatta Road,2,1115.0,2,61.0
668,Bannerghatta Road,2,1136.0,2,48.0
669,Bannerghatta Road,4,2700.0,4,260.0
670,Bannerghatta Road,3,1200.0,2,69.0
671,Bannerghatta Road,3,1465.0,2,76.0
672,Bannerghatta Road,2,1302.5,2,67.73
673,Bannerghatta Road,2,1200.0,2,65.0
674,Bannerghatta Road,2,1240.0,2,65.0
675,Bannerghatta Road,3,1476.0,3,125.0
676,Bannerghatta Road,3,1532.5,3,84.29
677,Bannerghatta Road,3,1465.0,2,45.87
678,Bannerghatta Road,2,1268.0,2,69.0
679,Bannerghatta Road,3,1450.0,2,87.0
680,Bannerghatta Road,4,2932.0,5,195.0
681,Bannerghatta Road,3,1450.0,3,44.0
682,Bannerghatta Road,3,1625.0,2,75.0
683,Bannerghatta Road,2,960.0,2,58.0
684,Bannerghatta Road,3,1750.0,3,130.0
685,Bannerghatta Road,2,1275.0,2,73.0
686,Bannerghatta Road,3,1430.0,3,59.0
687,Bannerghatta Road,2,1240.0,2,71.0
688,Bannerghatta Road,3,1305.0,2,60.0
689,Bannerghatta Road,2,1215.0,2,68.0
690,Bannerghatta Road,2,1215.0,2,68.0
691,Bannerghatta Road,3,1894.0,3,115.0
692,Bannerghatta Road,3,1655.0,2,62.89
693,Bannerghatta Road,3,1693.0,3,89.0
694,Bannerghatta Road,2,1280.0,2,60.16
695,Bannerghatta Road,4,3230.0,5,165.0
696,Bannerghatta Road,1,630.0,1,35.0
697,Bannerghatta Road,2,1215.0,2,68.0
698,Bannerghatta Road,3,1365.0,3,76.18
699,Bannerghatta Road,2,1115.0,2,78.0
700,Bannerghatta Road,3,1532.5,3,79.465
701,Bannerghatta Road,3,1535.0,3,60.0
702,Bannerghatta Road,3,1655.0,3,90.0
703,Bannerghatta Road,2,1247.0,2,47.39
704,Bannerghatta Road,2,1237.5,2,49.49
705,Bannerghatta Road,3,1650.0,3,94.0
706,Bannerghatta Road,2,905.0,2,65.0
707,Bannerghatta Road,2,1000.0,2,50.0
708,Bannerghatta Road,4,2185.0,3,120.0
709,Bannerghatta Road,2,1012.0,2,45.0
710,Bannerghatta Road,3,1725.0,3,85.0
711,Bannerghatta Road,3,1460.0,2,80.0
712,Bannerghatta Road,2,1340.0,2,85.0
713,Bannerghatta Road,3,1711.0,3,125.0
714,Bannerghatta Road,3,1520.0,2,81.0
715,Bannerghatta Road,3,2826.0,3,148.0
716,Bannerghatta Road,2,1115.0,2,61.0
717,Bannerghatta Road,2,1154.0,2,47.0
718,Bannerghatta Road,2,1000.0,2,44.5
719,Bannerghatta Road,2,1250.0,2,48.0
720,Bannerghatta Road,3,1640.0,3,105.0
721,Bannerghatta Road,3,1656.0,2,62.93
722,Bannerghatta Road,2,1012.0,2,44.0
723,Bannerghatta Road,3,1527.0,3,115.0
724,Bannerghatta Road,3,1660.0,3,85.0
725,Bannerghatta Road,3,1880.0,3,96.5
726,Bannerghatta Road,3,1550.0,3,96.0
727,Bannerghatta Road,2,1200.0,2,78.0
728,Bannerghatta Road,3,1885.0,3,125.0
729,Bannerghatta Road,3,1453.0,2,73.0
730,Bannerghatta Road,3,1450.0,2,78.0
731,Bannerghatta Road,1,700.0,1,31.2
732,Bannerghatta Road,3,1630.0,3,68.0
733,Bannerghatta Road,3,1400.0,3,69.0
734,Bannerghatta Road,2,905.0,2,58.0
735,Bannerghatta Road,3,1465.0,2,75.0
736,Bannerghatta Road,3,1920.0,3,122.0
737,Bannerghatta Road,4,2400.0,4,180.0
738,Bannerghatta Road,3,1660.0,3,80.0
739,Bannerghatta Road,2,1270.0,2,45.0
740,Bannerghatta Road,3,1520.0,2,80.0
741,Bannerghatta Road,3,1270.0,2,73.0
742,Bannerghatta Road,3,1846.0,3,120.0
743,Bannerghatta Road,4,3000.0,4,140.0
744,Bannerghatta Road,2,1122.5,2,61.74
745,Bannerghatta Road,3,1655.0,3,95.0
746,Bannerghatta Road,2,1206.0,2,53.0
747,Bannerghatta Road,2,1150.0,2,55.0
748,Bannerghatta Road,2,1215.0,2,65.0
749,Bannerghatta Road,3,1510.0,2,110.0
750,Bannerghatta Road,2,1022.0,2,35.0
751,Bannerghatta Road,2,1246.0,2,47.35
752,Bannerghatta Road,3,1470.0,2,85.0
753,Bannerghatta Road,2,1160.0,2,45.0
754,Bannerghatta Road,2,970.0,2,57.0
755,Bannerghatta Road,3,1527.0,3,142.0
756,Basavangudi,3,1500.0,2,143.0
757,Basavangudi,3,1850.0,3,168.0
758,Basavangudi,2,1036.0,2,105.0
759,Basavangudi,4,2600.0,4,260.0
760,Basavangudi,3,1600.0,2,160.0
761,Basavangudi,2,1560.0,2,145.0
762,Basavangudi,3,1825.0,3,175.0
763,Basavangudi,3,1800.0,3,195.0
764,Basavangudi,2,1100.0,2,93.0
765,Basavangudi,3,1542.14,3,120.0
766,Basavangudi,2,1050.0,2,103.0
767,Basavangudi,3,1350.0,2,130.0
768,Basavangudi,3,1485.0,3,140.0
769,Basavangudi,2,1180.0,2,124.0
770,Basavangudi,3,1600.0,3,130.0
771,Basavangudi,2,1200.0,2,120.0
772,Basavangudi,3,1850.0,3,150.0
773,Basavangudi,4,2453.0,3,250.0
774,Basaveshwara Nagar,2,1200.0,2,65.0
775,Basaveshwara Nagar,5,4500.0,5,415.0
776,Basaveshwara Nagar,3,1865.0,3,145.0
777,Basaveshwara Nagar,2,1200.0,2,90.0
778,Basaveshwara Nagar,5,2400.0,4,310.0
779,Basaveshwara Nagar,2,1200.0,2,80.0
780,Basaveshwara Nagar,2,900.0,2,60.0
781,Basaveshwara Nagar,3,1900.0,3,150.0
782,Basaveshwara Nagar,2,1200.0,2,85.0
783,Basaveshwara Nagar,2,1200.0,2,70.0
784,Battarahalli,2,1200.0,2,65.0
785,Battarahalli,3,1779.0,3,89.61
786,Battarahalli,2,1300.0,2,50.0
787,Battarahalli,3,1945.0,3,97.42
788,Battarahalli,3,1777.0,3,100.0
789,Battarahalli,2,1135.0,2,43.0
790,Battarahalli,2,1276.0,2,45.0
791,Battarahalli,3,1880.0,3,94.36
792,Battarahalli,2,1071.0,2,62.0
793,Battarahalli,2,1165.0,2,43.0
794,Battarahalli,2,1636.0,2,82.89
795,Battarahalli,3,1779.0,3,90.0
796,Battarahalli,3,1516.0,3,65.0
797,Battarahalli,2,1090.0,2,38.37
798,Battarahalli,3,2082.0,3,104.0
799,Battarahalli,3,2024.0,3,103.0
800,Battarahalli,2,1097.0,2,49.0
801,Begur Road,2,1200.0,2,44.0
802,Begur Road,2,1200.0,2,46.8
803,Begur Road,2,1160.0,2,44.0
804,Begur Road,3,1584.0,3,65.0
805,Begur Road,3,1500.0,2,54.0
806,Begur Road,3,1615.0,3,59.76
807,Begur Road,2,1200.0,2,43.2
808,Begur Road,2,1160.0,2,44.08
809,Begur Road,2,1200.0,2,45.0
810,Begur Road,3,1615.0,3,60.0
811,Begur Road,3,1410.0,2,53.0
812,Begur Road,2,1200.0,2,37.8
813,Begur Road,2,1160.0,2,40.59
814,Begur Road,2,1260.0,2,46.62
815,Begur Road,3,1600.0,3,58.14
816,Begur Road,3,1410.0,2,44.42
817,Begur Road,2,1160.0,2,36.0
818,Begur Road,3,1500.0,2,70.0
819,Begur Road,2,1160.0,2,42.0
820,Begur Road,2,1240.0,2,39.06
821,Begur Road,2,1200.0,2,45.0
822,Begur Road,3,1500.0,2,55.0
823,Begur Road,3,1410.0,2,52.17
824,Begur Road,3,1615.0,3,58.0
825,Begur Road,3,1583.0,3,74.4
826,Begur Road,2,1170.0,2,46.0
827,Begur Road,2,1160.0,2,42.92
828,Begur Road,3,1410.0,2,52.17
829,Begur Road,3,1410.0,2,50.06
830,Begur Road,3,1565.0,2,59.76
831,Begur Road,2,1160.0,2,42.0
832,Begur Road,3,1400.0,2,50.06
833,Begur Road,3,1410.0,2,53.58
834,Begur Road,2,1200.0,2,45.0
835,Begur Road,2,1200.0,2,42.6
836,Begur Road,2,1160.0,2,42.0
837,Begur Road,2,1334.0,2,42.69
838,Begur Road,3,1565.0,2,57.91
839,Begur Road,2,1200.0,2,45.6
840,Begur Road,2,1215.0,2,43.13
841,Begur Road,2,1160.0,2,36.54
842,Begur Road,3,1615.0,3,50.87
843,Begur Road,2,1200.0,2,44.4
844,Begur Road,3,1565.0,2,49.3
845,Begur Road,2,1260.0,2,39.69
846,Begur Road,4,2464.5,6,118.0
847,Begur Road,2,1160.0,2,44.0
848,Begur Road,3,1410.0,2,49.34
849,Begur Road,2,952.0,2,42.0
850,Begur Road,3,1565.0,2,56.34
851,Begur Road,3,1565.0,2,56.0
852,Begur Road,2,1200.0,2,42.0
853,Begur Road,2,1240.0,2,45.88
854,Begur Road,3,1200.0,3,50.0
855,Begur Road,3,1410.0,2,44.42
856,Begur Road,2,1200.0,2,44.0
857,Begur Road,3,1500.0,2,47.25
858,Begur Road,2,1100.0,2,42.6
859,Begur Road,3,1565.0,2,57.91
860,Begur Road,2,1200.0,2,44.4
861,Begur Road,2,1160.0,2,36.54
862,Begur Road,2,1215.0,2,43.75
863,Begur Road,2,1200.0,2,44.73
864,Begur Road,2,1160.0,2,42.0
865,Begur Road,3,1410.0,2,54.99
866,Bellandur,3,1767.0,3,103.0
867,Bellandur,2,1205.0,2,66.0
868,Bellandur,2,1250.0,2,76.0
869,Bellandur,2,1000.0,2,50.0
870,Bellandur,2,1281.0,2,74.0
871,Bellandur,2,921.0,2,40.0
872,Bellandur,4,2025.0,4,109.0
873,Bellandur,3,1490.0,2,98.0
874,Bellandur,3,1398.0,3,68.0
875,Bellandur,3,1605.0,3,85.0
876,Bellandur,3,1692.0,3,88.0
877,Bellandur,2,1220.0,2,60.0
878,Bellandur,2,1299.0,2,82.0
879,Bellandur,2,900.0,2,56.0
880,Bellandur,2,1350.0,2,79.0
881,Bellandur,2,1286.0,2,57.0
882,Bellandur,2,1457.0,2,85.0
883,Bellandur,2,1195.0,2,51.0
884,Bellandur,2,1310.0,2,72.0
885,Bellandur,3,1785.0,3,118.0
886,Bellandur,2,1051.0,2,60.0
887,Bellandur,3,1450.0,3,68.0
888,Bellandur,2,1060.0,2,65.0
889,Bellandur,2,1100.0,2,62.0
890,Bellandur,3,1685.0,3,100.0
891,Bellandur,2,982.0,2,55.0
892,Bellandur,2,1205.0,2,59.0
893,Bellandur,2,1063.0,2,58.0
894,Bellandur,2,1201.0,2,59.99
895,Bellandur,2,1325.0,2,65.0
896,Bellandur,2,1281.0,2,87.0
897,Bellandur,3,2000.0,3,85.0
898,Bellandur,2,1200.0,2,52.0
899,Bellandur,3,1785.0,3,120.0
900,Bellandur,2,1088.0,2,48.0
901,Bellandur,2,1310.0,2,85.0
902,Bellandur,2,1465.0,3,90.0
903,Bellandur,3,1767.0,3,109.0
904,Bellandur,4,3600.0,4,245.0
905,Bellandur,2,1150.0,2,69.44
906,Bellandur,3,1830.0,3,90.0
907,Bellandur,2,1410.0,3,92.0
908,Bellandur,2,1015.0,2,60.0
909,Bellandur,3,2500.0,4,112.0
910,Bellandur,3,1685.0,3,101.0
911,Bellandur,3,1735.0,3,105.0
912,Bellandur,3,1685.0,3,115.0
913,Bellandur,2,1049.0,2,51.0
914,Bellandur,3,1350.0,2,63.0
915,Bellandur,2,1211.0,2,63.0
916,Bellandur,3,1717.0,3,110.0
917,Bellandur,3,1420.0,3,62.0
918,Bellandur,2,1200.0,2,62.0
919,Bellandur,3,1767.0,3,89.0
920,Bellandur,3,1830.0,3,89.0
921,Bellandur,3,2400.0,3,115.0
922,Bellandur,3,1665.0,3,85.0
923,Bellandur,2,960.0,2,48.0
924,Bellandur,1,950.0,1,40.0
925,Bellandur,2,850.0,2,45.0
926,Bellandur,2,1454.0,2,90.0
927,Bellandur,3,1830.0,3,91.86
928,Bellandur,2,1195.0,2,52.0
929,Bellandur,3,1830.0,3,89.89
930,Bellandur,2,1260.0,2,83.5
931,Bellandur,3,1535.0,3,90.0
932,Bhoganhalli,3,1670.0,3,99.0
933,Bhoganhalli,4,2119.0,4,111.0
934,Bhoganhalli,3,1718.0,3,90.2
935,Bhoganhalli,2,1444.0,2,75.97
936,Bhoganhalli,2,1447.0,2,75.97
937,Bhoganhalli,2,1447.0,2,75.97
938,Bhoganhalli,4,2072.5,2,111.0
939,Bhoganhalli,3,1610.0,3,84.53
940,Bhoganhalli,4,1974.0,4,106.0
941,Bhoganhalli,4,2171.0,4,111.0
942,Bhoganhalli,3,1760.0,3,127.0
943,Bhoganhalli,4,2119.0,4,111.0
944,Bhoganhalli,2,1447.0,2,75.97
945,Bhoganhalli,3,1949.0,3,129.0
946,Bhoganhalli,3,1760.0,3,128.0
947,Bhoganhalli,2,1447.0,2,75.97
948,Bhoganhalli,3,1395.0,2,70.0
949,Bhoganhalli,4,2119.0,4,111.0
950,Bhoganhalli,3,1458.0,3,78.45
951,Bhoganhalli,2,1444.0,2,75.97
952,Bhoganhalli,2,1205.0,2,64.47
953,Bhoganhalli,2,1447.0,2,75.97
954,Bhoganhalli,4,2439.0,5,170.0
955,Bhoganhalli,4,2119.0,4,111.0
956,Bhoganhalli,2,1205.0,2,68.32
957,Bhoganhalli,2,1260.0,2,69.9
958,Bhoganhalli,4,2439.0,4,170.0
959,Bhoganhalli,3,1707.0,3,115.0
960,Bhoganhalli,3,1610.0,3,84.53
961,Bhoganhalli,2,970.0,2,52.5
962,Bhoganhalli,3,1718.0,3,90.2
963,Bhoganhalli,2,1277.0,2,79.89
964,Bhoganhalli,4,2119.0,4,111.0
965,Bhoganhalli,3,1703.0,3,120.0
966,Binny Pete,3,1755.0,3,122.0
967,Binny Pete,1,665.0,1,50.75
968,Binny Pete,3,2465.0,5,234.0
969,Binny Pete,4,2817.5,2,204.0
970,Binny Pete,2,1245.0,2,86.28
971,Binny Pete,1,660.0,1,54.0
972,Binny Pete,1,665.0,1,46.08
973,Binny Pete,1,660.0,1,62.0
974,Binny Pete,2,1365.0,2,122.0
975,Binny Pete,4,2940.0,6,280.0
976,Binny Pete,3,1795.0,3,139.0
977,Binny Pete,3,1740.0,3,150.0
978,Binny Pete,3,1970.0,3,164.0
979,Binny Pete,4,2940.0,6,201.0
980,Binny Pete,3,1516.0,3,147.0
981,Bisuvanahalli,2,845.0,2,33.0
982,Bisuvanahalli,2,845.0,2,29.0
983,Bisuvanahalli,2,850.0,1,32.0
984,Bisuvanahalli,2,845.0,2,33.0
985,Bisuvanahalli,2,945.0,2,33.0
986,Bisuvanahalli,2,845.0,2,30.0
987,Bisuvanahalli,3,1200.0,2,41.0
988,Bisuvanahalli,2,845.0,2,32.0
989,Bisuvanahalli,2,845.0,2,34.0
990,Bommanahalli,1,520.0,1,19.5
991,Bommanahalli,1,515.0,1,25.0
992,Bommanahalli,2,1090.0,3,44.0
993,Bommanahalli,3,1250.0,2,42.5
994,Bommanahalli,3,1375.0,3,59.0
995,Bommanahalli,3,1250.0,3,55.0
996,Bommanahalli,3,1850.0,3,90.0
997,Bommanahalli,2,910.0,2,45.0
998,Bommanahalli,2,1050.0,2,46.0
999,Bommanahalli,2,1100.0,1,55.0
1000,Bommanahalli,3,1300.0,3,45.0
1001,Bommanahalli,2,1350.0,2,72.0
1002,Bommanahalli,4,2100.0,4,85.0
1003,Bommanahalli,2,1307.0,2,50.0
1004,Bommanahalli,2,1091.0,2,40.0
1005,Bommanahalli,2,1160.0,2,53.0
1006,Bommanahalli,2,1050.0,2,54.0
1007,Bommasandra,3,1260.0,3,49.36
1008,Bommasandra,3,1200.0,3,46.0
1009,Bommasandra,2,1035.0,2,41.0
1010,Bommasandra,2,1035.0,2,41.73
1011,Bommasandra,2,1034.0,2,40.0
1012,Bommasandra,2,877.0,2,30.0
1013,Bommasandra,2,920.0,2,37.46
1014,Bommasandra,2,1035.0,2,41.43
1015,Bommasandra,3,1295.0,2,50.28
1016,Bommasandra,3,1478.0,2,44.0
1017,Bommasandra,2,1015.0,2,40.0
1018,Bommasandra,2,1000.0,2,35.0
1019,Bommasandra,2,955.0,2,35.28
1020,Bommasandra,2,1005.0,2,39.77
1021,Bommasandra,2,1014.0,2,35.0
1022,Bommasandra,2,1020.0,2,40.89
1023,Bommasandra,2,920.0,2,37.2
1024,Bommasandra,2,800.0,1,32.0
1025,Bommasandra,3,1280.0,3,50.0
1026,Bommasandra,3,1942.0,3,90.0
1027,Bommasandra,2,1127.0,2,45.0
1028,Bommasandra,3,1400.0,2,45.0
1029,Bommasandra,2,877.0,2,29.0
1030,Bommasandra,3,1365.0,3,52.81
1031,Bommasandra,2,842.0,2,30.0
1032,Bommasandra,3,1260.0,3,49.36
1033,Bommasandra,3,1365.0,3,52.82
1034,Bommasandra,2,955.0,2,37.97
1035,Bommasandra,2,1089.0,2,40.0
1036,Bommasandra,3,1365.0,3,53.96
1037,Bommasandra Industrial Area,2,1090.0,2,31.48
1038,Bommasandra Industrial Area,3,1320.0,2,38.12
1039,Bommasandra Industrial Area,3,1400.0,2,40.44
1040,Bommasandra Industrial Area,3,1320.0,2,38.13
1041,Bommasandra Industrial Area,3,1220.0,2,35.23
1042,Bommasandra Industrial Area,2,1020.0,2,29.45
1043,Bommasandra Industrial Area,2,1165.0,2,33.64
1044,Bommasandra Industrial Area,2,1090.0,2,31.48
1045,Bommasandra Industrial Area,3,1310.0,2,37.83
1046,Bommasandra Industrial Area,2,1000.0,2,28.88
1047,Bommasandra Industrial Area,2,1020.0,2,29.45
1048,Bommasandra Industrial Area,2,1160.0,2,33.51
1049,Bommasandra Industrial Area,2,1125.0,2,32.49
1050,Bommasandra Industrial Area,3,1220.0,2,35.2
1051,Bommasandra Industrial Area,3,1491.0,3,40.5
1052,Bommasandra Industrial Area,2,1125.0,2,32.49
1053,Bommasandra Industrial Area,2,1130.0,2,32.64
1054,Bommasandra Industrial Area,2,1065.0,2,30.75
1055,Brookefield,2,1150.0,2,69.0
1056,Brookefield,2,1142.0,2,70.0
1057,Brookefield,3,1440.0,2,68.0
1058,Brookefield,3,2169.0,4,115.0
1059,Brookefield,3,1595.0,3,88.0
1060,Brookefield,4,2800.0,4,240.0
1061,Brookefield,3,1476.0,3,105.0
1062,Brookefield,4,1700.0,4,152.0
1063,Brookefield,2,1262.0,2,75.0
1064,Brookefield,2,1139.0,2,80.0
1065,Brookefield,2,1125.0,2,70.0
1066,Brookefield,3,1420.0,3,85.0
1067,Brookefield,4,3532.0,3,170.0
1068,Brookefield,2,941.0,2,48.0
1069,Brookefield,3,1595.0,2,75.0
1070,Brookefield,3,1410.0,2,80.0
1071,Brookefield,2,1100.0,2,55.0
1072,Brookefield,4,2400.0,3,140.0
1073,Brookefield,2,1225.0,2,66.5
1074,Brookefield,2,1080.0,2,50.0
1075,Brookefield,2,1230.0,2,55.0
1076,Brookefield,2,1200.0,2,75.0
1077,Brookefield,2,1089.0,2,49.0
1078,Brookefield,2,1130.0,2,56.0
1079,Brookefield,2,1270.0,2,95.0
1080,Brookefield,3,1706.0,3,115.0
1081,Brookefield,2,1389.0,2,94.0
1082,Brookefield,3,1750.0,2,75.0
1083,Brookefield,2,1225.0,2,72.0
1084,Brookefield,4,3675.0,4,176.0
1085,Brookefield,3,1746.0,3,115.0
1086,Brookefield,3,1518.0,3,80.0
1087,Brookefield,3,1589.0,3,74.0
1088,Brookefield,2,1382.0,2,84.5
1089,Brookefield,2,1260.0,2,70.0
1090,Brookefield,2,1206.0,2,90.0
1091,Brookefield,4,3050.0,4,130.0
1092,Brookefield,3,1594.0,3,140.0
1093,Budigere,2,1153.0,2,56.4
1094,Budigere,2,1162.0,2,59.9
1095,Budigere,3,1991.0,4,103.0
1096,Budigere,2,1153.0,2,57.0
1097,Budigere,2,1162.0,2,57.0
1098,Budigere,2,1139.0,2,62.0
1099,Budigere,2,1139.0,2,56.8
1100,Budigere,2,1139.0,2,56.85
1101,Budigere,3,1991.0,4,100.0
1102,Budigere,1,664.0,1,35.0
1103,Budigere,3,1820.0,3,93.0
1104,Budigere,3,1636.0,3,85.0
1105,Budigere,2,1444.0,2,70.0
1106,Budigere,2,1139.0,2,60.0
1107,Budigere,3,1820.0,3,85.5
1108,Budigere,3,1820.0,3,93.0
1109,Budigere,3,1820.0,3,85.4
1110,Budigere,2,1162.0,2,58.0
1111,Budigere,3,1636.0,3,85.0
1112,Budigere,2,1087.0,2,54.3
1113,Budigere,3,1820.0,3,89.0
1114,Budigere,1,664.0,1,35.4
1115,Budigere,2,1153.0,2,56.7
1116,Budigere,3,1820.0,3,85.0
1117,Budigere,2,1139.0,2,56.5
1118,Budigere,3,1636.0,3,83.0
1119,Budigere,1,664.0,1,34.0
1120,Budigere,3,1820.0,3,85.2
1121,Budigere,2,1162.0,2,58.0
1122,Budigere,2,1153.0,2,60.0
1123,Budigere,3,1820.0,3,99.0
1124,Budigere,2,1172.0,2,56.725
1125,Budigere,3,1590.0,3,76.16
1126,Budigere,3,1820.0,3,85.0
1127,Budigere,3,1820.0,3,95.0
1128,Budigere,3,1991.0,4,100.0
1129,Budigere,3,1820.0,3,95.5
1130,Budigere,2,1153.0,2,56.0
1131,Budigere,1,705.0,1,34.545
1132,Budigere,2,1153.0,2,56.5
1133,Budigere,2,1153.0,2,58.0
1134,Budigere,3,1636.0,3,88.0
1135,Budigere,2,1153.0,2,56.55
1136,Budigere,2,1153.0,2,56.5
1137,Budigere,2,1153.0,2,60.0
1138,CV Raman Nagar,3,1550.0,3,65.0
1139,CV Raman Nagar,2,1120.0,2,55.0
1140,CV Raman Nagar,2,1070.0,2,55.0
1141,CV Raman Nagar,2,1028.0,2,49.0
1142,CV Raman Nagar,2,1392.0,2,98.0
1143,CV Raman Nagar,2,1070.0,2,47.5
1144,CV Raman Nagar,3,1825.0,3,126.0
1145,CV Raman Nagar,2,1025.0,2,50.0
1146,CV Raman Nagar,3,1525.0,2,67.0
1147,CV Raman Nagar,2,1198.0,2,60.0
1148,CV Raman Nagar,2,1560.0,2,85.0
1149,CV Raman Nagar,3,1590.0,2,85.0
1150,CV Raman Nagar,2,1100.0,2,58.0
1151,CV Raman Nagar,2,1051.0,2,61.0
1152,CV Raman Nagar,3,1435.0,2,60.0
1153,CV Raman Nagar,2,1020.0,2,55.0
1154,CV Raman Nagar,2,1285.0,2,65.0
1155,CV Raman Nagar,2,1040.0,2,50.0
1156,CV Raman Nagar,2,1392.0,2,95.0
1157,CV Raman Nagar,1,705.0,2,50.0
1158,CV Raman Nagar,2,1125.0,2,46.0
1159,CV Raman Nagar,3,1400.0,2,78.0
1160,CV Raman Nagar,3,1400.0,2,78.0
1161,CV Raman Nagar,2,907.0,2,38.0
1162,CV Raman Nagar,3,1480.0,3,65.0
1163,CV Raman Nagar,2,1310.0,2,62.0
1164,Chandapura,1,645.0,1,16.45
1165,Chandapura,1,645.0,1,16.45
1166,Chandapura,2,800.0,1,20.0
1167,Chandapura,2,1015.0,2,25.88
1168,Chandapura,3,1208.0,3,45.0
1169,Chandapura,2,1200.0,2,32.0
1170,Chandapura,2,1025.0,2,27.68
1171,Chandapura,1,582.5,1,15.135
1172,Chandapura,2,1015.0,2,25.88
1173,Chandapura,3,1305.0,3,33.28
1174,Chandapura,2,1201.0,2,27.0
1175,Chandapura,2,850.0,2,25.4
1176,Chandapura,1,590.0,1,13.57
1177,Chandapura,1,645.0,1,16.45
1178,Chandapura,2,1015.0,2,25.88
1179,Chandapura,1,520.0,1,14.04
1180,Chandapura,2,1200.0,1,36.0
1181,Chandapura,2,975.0,2,24.86
1182,Chandapura,1,645.0,1,16.45
1183,Chandapura,2,985.0,2,25.12
1184,Chandapura,1,645.0,1,16.45
1185,Chandapura,2,975.0,2,24.86
1186,Chandapura,4,1891.0,2,66.165
1187,Chandapura,3,1208.51,3,42.0
1188,Chandapura,2,876.0,2,29.5
1189,Chandapura,1,645.0,1,16.45
1190,Chandapura,3,1505.0,2,42.0
1191,Chandapura,1,645.0,1,16.45
1192,Chandapura,2,937.0,2,30.0
1193,Chandapura,2,1025.0,2,27.68
1194,Chandapura,2,975.0,2,24.86
1195,Chandapura,2,800.0,2,25.0
1196,Chandapura,1,645.0,1,16.45
1197,Chandapura,3,1230.0,2,31.37
1198,Chandapura,2,950.0,2,25.65
1199,Chandapura,2,1200.0,2,36.0
1200,Chandapura,1,645.0,1,16.45
1201,Chandapura,3,1225.0,3,33.08
1202,Chandapura,3,1305.0,3,33.28
1203,Chandapura,3,1230.0,2,31.37
1204,Chandapura,2,985.0,2,25.12
1205,Chandapura,2,1025.0,2,27.68
1206,Chandapura,2,1015.0,2,25.88
1207,Chandapura,3,1345.0,2,39.5
1208,Chandapura,2,1015.0,2,25.88
1209,Chandapura,2,800.0,1,30.0
1210,Chandapura,2,975.0,2,24.86
1211,Chandapura,1,520.0,1,14.04
1212,Chandapura,3,1230.0,2,31.37
1213,Chandapura,3,1305.0,3,33.28
1214,Chandapura,3,1323.0,2,42.0
1215,Chandapura,1,410.0,1,10.0
1216,Chandapura,2,985.0,2,25.12
1217,Chandapura,1,645.0,1,16.45
1218,Chandapura,1,645.0,1,16.45
1219,Chandapura,2,1200.0,2,36.0
1220,Chandapura,2,876.0,2,28.47
1221,Chandapura,1,520.0,1,14.04
1222,Channasandra,3,1340.0,2,48.33
1223,Channasandra,2,1009.0,2,38.34
1224,Channasandra,2,1065.0,2,35.0
1225,Channasandra,3,1470.0,2,90.0
1226,Channasandra,2,1115.0,2,33.45
1227,Channasandra,2,1030.0,2,34.5
1228,Channasandra,6,4200.0,6,180.0
1229,Channasandra,2,1115.0,2,40.0
1230,Channasandra,3,1200.0,3,67.77
1231,Channasandra,2,1104.0,2,35.5
1232,Channasandra,2,1160.0,2,55.0
1233,Channasandra,2,1050.0,2,41.0
1234,Channasandra,2,1065.0,2,40.47
1235,Channasandra,3,1310.0,2,45.0
1236,Channasandra,2,1070.0,2,38.0
1237,Channasandra,2,1050.0,2,35.0
1238,Channasandra,2,1093.0,2,34.0
1239,Channasandra,2,808.0,2,40.0
1240,Channasandra,2,1010.0,2,36.0
1241,Channasandra,2,1123.0,2,36.0
1242,Channasandra,2,1000.0,2,35.0
1243,Channasandra,3,1330.0,2,51.83
1244,Channasandra,2,1093.0,2,37.0
1245,Channasandra,2,1115.0,2,35.8
1246,Channasandra,3,1500.0,3,61.95
1247,Channasandra,3,1800.0,3,60.0
1248,Channasandra,2,830.0,2,36.28
1249,Channasandra,3,1200.0,3,67.77
1250,Channasandra,2,1175.0,2,38.0
1251,Channasandra,2,1200.0,2,46.13
1252,Channasandra,2,1065.0,2,36.0
1253,Channasandra,2,1050.0,2,44.41
1254,Channasandra,2,1010.0,2,32.0
1255,Chikkalasandra,3,1290.0,2,56.12
1256,Chikkalasandra,2,1100.0,2,50.0
1257,Chikkalasandra,2,1208.0,2,49.0
1258,Chikkalasandra,2,1070.0,2,50.0
1259,Chikkalasandra,2,1230.0,2,48.0
1260,Chikkalasandra,2,1070.0,2,42.8
1261,Chikkalasandra,3,1310.0,2,52.4
1262,Chikkalasandra,3,1270.0,2,55.25
1263,Chikkalasandra,2,1075.0,2,46.76
1264,Chikkalasandra,3,1230.0,2,53.51
1265,Chikkalasandra,3,1290.0,2,56.12
1266,Chikkalasandra,2,1070.0,2,45.48
1267,Chikkalasandra,2,1100.0,2,50.0
1268,Chikkalasandra,3,1390.0,2,60.47
1269,Chikkalasandra,3,1265.0,2,53.12
1270,Chikkalasandra,2,1224.0,2,45.0
1271,Chikkalasandra,2,1090.0,2,47.42
1272,Chikkalasandra,3,1355.0,3,54.2
1273,Chikkalasandra,3,1350.0,2,54.2
1274,Chikkalasandra,2,1325.0,2,59.0
1275,Chikkalasandra,3,1275.0,2,55.46
1276,Chikkalasandra,3,1425.0,1,54.0
1277,Choodasandra,2,1115.0,2,50.0
1278,Choodasandra,2,1300.0,2,57.0
1279,Choodasandra,3,1530.0,3,77.0
1280,Choodasandra,3,1220.0,3,56.0
1281,Choodasandra,3,1220.0,3,56.0
1282,Choodasandra,2,1197.0,2,63.0
1283,Choodasandra,3,1465.0,3,75.0
1284,Choodasandra,2,1115.0,2,50.0
1285,Choodasandra,2,1215.0,2,59.0
1286,Choodasandra,3,1254.0,2,65.0
1287,Choodasandra,3,1580.0,3,105.0
1288,Choodasandra,3,1220.0,3,56.0
1289,Choodasandra,2,1075.0,2,45.0
1290,Choodasandra,2,1180.0,2,71.22
1291,Choodasandra,2,1140.0,2,62.0
1292,Choodasandra,3,1220.0,3,56.0
1293,Choodasandra,3,1560.0,3,78.0
1294,Choodasandra,2,1065.0,2,46.0
1295,Choodasandra,2,1115.0,2,50.0
1296,Choodasandra,3,1220.0,3,56.0
1297,Choodasandra,2,1115.0,2,50.0
1298,Devanahalli,4,3210.0,2,192.0
1299,Devanahalli,2,1260.0,2,66.78
1300,Devanahalli,3,1282.0,2,68.52
1301,Devanahalli,2,1360.0,2,65.0
1302,Devanahalli,3,1630.0,2,74.82
1303,Devanahalli,2,1408.0,2,85.0
1304,Devanahalli,2,1010.0,2,51.0
1305,Devanahalli,2,1080.0,2,53.35
1306,Devanahalli,5,2400.0,5,100.0
1307,Devanahalli,2,1080.0,2,44.0
1308,Devanahalli,3,1282.0,2,52.43
1309,Devanahalli,2,1174.0,2,59.0
1310,Devanahalli,3,3752.5,2,177.115
1311,Devanahalli,1,658.0,1,34.0
1312,Devanahalli,1,658.0,1,26.91
1313,Devanahalli,1,698.5,1,28.57
1314,Devanahalli,2,1080.0,2,52.0
1315,Devanahalli,3,1700.0,3,88.2
1316,Devanahalli,3,1498.0,3,79.15
1317,Devanahalli,3,1466.0,3,77.59
1318,Devanahalli,1,775.0,1,39.0
1319,Devanahalli,1,1020.0,2,49.87
1320,Devanahalli,2,1045.0,2,48.0
1321,Devanahalli,3,1550.0,3,85.0
1322,Devanahalli,3,1200.0,2,55.08
1323,Devanahalli,2,1340.0,2,65.0
1324,Devanahalli,3,2125.0,3,107.0
1325,Devanahalli,2,1230.0,2,56.45
1326,Devanahalli,2,1360.0,2,62.425
1327,Devanahalli,1,658.0,1,26.91
1328,Devanahalli,3,1290.0,2,62.0
1329,Devanahalli,2,1010.0,2,58.0
1330,Devanahalli,3,1466.0,3,59.96
1331,Devanahalli,3,1520.0,2,69.76
1332,Devanahalli,1,1075.0,2,52.57
1333,Dodda Nekkundi,2,1260.0,2,55.0
1334,Dodda Nekkundi,2,850.0,2,28.0
1335,Dodda Nekkundi,2,1390.0,2,60.0
1336,Dodda Nekkundi,3,1804.0,3,121.0
1337,Dodda Nekkundi,2,1080.0,2,50.0
1338,Dodda Nekkundi,3,1999.0,3,132.0
1339,Dodda Nekkundi,2,1100.0,2,48.0
1340,Dodda Nekkundi,3,1999.0,3,135.0
1341,Dodda Nekkundi,2,1100.0,2,41.15
1342,Dodda Nekkundi,3,1252.0,2,71.0
1343,Dodda Nekkundi,2,1155.0,2,46.0
1344,Dodda Nekkundi,2,1128.0,2,45.0
1345,Dodda Nekkundi,2,1148.0,2,56.0
1346,Dodda Nekkundi,3,1435.0,3,57.2
1347,Dodda Nekkundi,2,1145.0,2,46.5
1348,Dodda Nekkundi,3,1829.0,3,125.0
1349,Dodda Nekkundi,2,1100.0,2,41.16
1350,Dodda Nekkundi,2,1100.0,2,46.75
1351,Dodda Nekkundi,2,1315.0,2,50.0
1352,Dodda Nekkundi,2,1135.0,2,58.0
1353,Dodda Nekkundi,2,1100.0,2,41.18
1354,Dodda Nekkundi,2,1370.0,2,60.0
1355,Dodda Nekkundi,2,1200.0,2,71.0
1356,Dodda Nekkundi,3,1585.0,2,79.0
1357,Dodda Nekkundi,2,1005.0,2,45.0
1358,Dodda Nekkundi,2,1264.0,2,52.0
1359,Doddathoguru,2,970.0,2,33.0
1360,Doddathoguru,2,1050.0,2,32.0
1361,Doddathoguru,2,850.0,2,25.0
1362,Doddathoguru,2,1030.0,2,42.0
1363,Doddathoguru,3,1549.0,3,65.0
1364,Doddathoguru,3,1875.0,3,55.0
1365,Doddathoguru,1,550.0,1,17.0
1366,Doddathoguru,2,1015.0,2,33.5
1367,Doddathoguru,2,1104.0,2,39.0
1368,Doddathoguru,2,915.0,2,32.0
1369,Doddathoguru,1,750.0,1,25.5
1370,Doddathoguru,3,1595.0,3,62.0
1371,Doddathoguru,2,855.0,2,32.0
1372,Doddathoguru,2,1105.0,2,50.0
1373,Doddathoguru,2,925.0,2,30.0
1374,Doddathoguru,3,1300.0,2,42.0
1375,Doddathoguru,3,1208.0,3,45.0
1376,Doddathoguru,2,1100.0,2,50.0
1377,Doddathoguru,2,940.0,2,32.9
1378,Doddathoguru,3,1382.0,3,65.0
1379,Doddathoguru,2,1107.0,2,44.0
1380,Doddathoguru,2,907.0,2,40.0
1381,Doddathoguru,3,1783.0,3,85.0
1382,Doddathoguru,1,550.0,1,17.0
1383,Domlur,3,1540.0,3,90.0
1384,Domlur,3,1875.0,2,150.0
1385,Domlur,3,1429.0,3,86.0
1386,Domlur,1,640.0,1,55.0
1387,Domlur,2,1050.0,2,85.0
1388,Domlur,3,1800.0,3,150.0
1389,Domlur,3,1720.0,3,135.0
1390,Domlur,3,1950.0,3,165.0
1391,Domlur,3,2180.0,3,285.0
1392,Domlur,1,650.0,1,70.0
1393,Domlur,1,780.0,1,70.0
1394,Domlur,3,2180.0,3,285.0
1395,Domlur,3,1740.0,3,120.0
1396,Domlur,3,1695.0,3,125.0
1397,Domlur,2,1246.0,2,95.0
1398,Domlur,3,2100.0,3,145.0
1399,Domlur,2,1276.0,2,80.0
1400,Domlur,3,1850.0,3,180.0
1401,Domlur,3,2955.0,3,235.0
1402,Domlur,3,1650.0,3,180.0
1403,EPIP Zone,3,1499.0,5,102.0
1404,EPIP Zone,2,1285.0,2,82.0
1405,EPIP Zone,3,2330.0,3,162.0
1406,EPIP Zone,2,1330.0,2,92.5
1407,EPIP Zone,2,1330.0,2,86.98
1408,EPIP Zone,2,1330.0,2,93.36
1409,EPIP Zone,4,3035.0,5,200.0
1410,EPIP Zone,3,1500.0,3,102.0
1411,EPIP Zone,2,1280.0,2,69.0
1412,EPIP Zone,2,1125.0,2,65.0
1413,EPIP Zone,3,1734.0,3,125.0
1414,EPIP Zone,4,3360.0,5,225.0
1415,EPIP Zone,2,1343.0,2,86.0
1416,EPIP Zone,3,2350.0,4,163.0
1417,EPIP Zone,3,1860.0,3,130.0
1418,EPIP Zone,3,2210.0,3,165.0
1419,EPIP Zone,3,2710.0,3,177.0
1420,EPIP Zone,4,3360.0,5,221.0
1421,Electronic City,2,1000.0,2,28.88
1422,Electronic City,3,1530.0,2,45.9
1423,Electronic City,3,1500.0,2,64.5
1424,Electronic City,2,1060.0,2,60.0
1425,Electronic City,2,1152.0,2,64.5
1426,Electronic City,3,1350.0,2,56.0
1427,Electronic City,2,1070.0,2,52.0
1428,Electronic City,2,1025.0,2,46.0
1429,Electronic City,1,589.0,1,27.0
1430,Electronic City,2,1100.0,2,42.0
1431,Electronic City,2,910.0,2,40.0
1432,Electronic City,2,1108.0,2,63.0
1433,Electronic City,2,1128.0,2,65.0
1434,Electronic City,3,1800.0,3,95.0
1435,Electronic City,1,630.0,1,34.65
1436,Electronic City,2,1128.0,2,63.0
1437,Electronic City,3,1599.0,3,99.0
1438,Electronic City,2,1125.0,2,32.49
1439,Electronic City,2,1094.0,2,42.0
1440,Electronic City,2,1070.0,2,55.0
1441,Electronic City,2,940.0,2,41.0
1442,Electronic City,3,1320.0,2,38.13
1443,Electronic City,2,1128.0,2,68.75
1444,Electronic City,2,1342.0,2,73.3
1445,Electronic City,3,1360.0,2,71.0
1446,Electronic City,2,880.0,2,29.0
1447,Electronic City,2,1265.0,2,56.93
1448,Electronic City,3,1691.0,2,102.0
1449,Electronic City,2,1128.0,2,65.49
1450,Electronic City,3,1620.0,3,62.0
1451,Electronic City,2,1070.0,2,56.1
1452,Electronic City,4,2000.0,4,120.0
1453,Electronic City,2,890.0,2,45.0
1454,Electronic City,2,1128.0,2,65.65
1455,Electronic City,2,865.0,2,42.0
1456,Electronic City,2,1130.0,2,32.64
1457,Electronic City,2,910.0,2,42.0
1458,Electronic City,2,975.0,2,37.5
1459,Electronic City,3,1360.0,2,75.0
1460,Electronic City,2,1128.0,2,64.0
1461,Electronic City,2,1070.0,2,54.0
1462,Electronic City,2,1025.0,2,29.6
1463,Electronic City,3,1571.0,3,89.0
1464,Electronic City,2,870.0,2,39.5
1465,Electronic City,2,921.0,2,34.0
1466,Electronic City,3,1374.0,2,72.0
1467,Electronic City,2,1100.0,2,45.0
1468,Electronic City,2,1128.0,2,65.35
1469,Electronic City,2,1128.0,2,65.0
1470,Electronic City,3,1220.0,2,35.24
1471,Electronic City,4,4000.0,5,150.0
1472,Electronic City,2,1100.0,2,40.0
1473,Electronic City,3,1563.0,3,91.84
1474,Electronic City,3,1652.0,3,70.0
1475,Electronic City,2,1000.0,2,22.0
1476,Electronic City,2,1025.0,2,54.5
1477,Electronic City,2,1070.0,2,46.0
1478,Electronic City,3,1350.0,3,58.0
1479,Electronic City,2,1000.0,2,25.0
1480,Electronic City,2,1020.0,2,29.46
1481,Electronic City,3,1700.0,3,75.0
1482,Electronic City,3,1400.0,2,48.0
1483,Electronic City,2,1128.0,2,68.0
1484,Electronic City,1,700.0,1,35.0
1485,Electronic City,3,1360.0,2,70.5
1486,Electronic City,2,1150.0,2,38.0
1487,Electronic City,3,1571.0,3,105.0
1488,Electronic City,2,1090.0,2,31.49
1489,Electronic City,2,1089.0,2,45.0
1490,Electronic City,2,1110.0,2,40.0
1491,Electronic City,3,1600.0,3,104.0
1492,Electronic City,2,1130.0,2,32.63
1493,Electronic City,3,1500.0,2,100.0
1494,Electronic City,3,1440.0,2,55.0
1495,Electronic City,3,1400.0,2,40.44
1496,Electronic City,2,1152.0,2,65.0
1497,Electronic City,2,1070.0,2,60.0
1498,Electronic City,2,1128.0,2,65.5
1499,Electronic City,2,1200.0,2,59.0
1500,Electronic City,2,1152.0,2,65.75
1501,Electronic City,3,1225.0,3,45.03
1502,Electronic City,2,1070.0,2,55.0
1503,Electronic City,2,1060.0,2,58.0
1504,Electronic City,2,1025.0,2,54.1
1505,Electronic City,2,1000.0,2,41.0
1506,Electronic City,3,1500.0,2,78.0
1507,Electronic City,2,1213.0,2,59.32
1508,Electronic City,3,1575.0,3,90.0
1509,Electronic City,3,1449.0,3,100.0
1510,Electronic City,3,1310.0,2,37.83
1511,Electronic City,2,1125.0,2,58.0
1512,Electronic City,2,1090.0,2,35.03
1513,Electronic City,3,1575.0,3,101.0
1514,Electronic City,1,550.0,1,12.0
1515,Electronic City,2,919.0,2,40.0
1516,Electronic City,3,1500.0,2,78.25
1517,Electronic City,2,1363.0,2,79.0
1518,Electronic City,2,1156.0,2,42.0
1519,Electronic City,2,1020.0,2,29.46
1520,Electronic City,2,1108.0,2,67.15
1521,Electronic City,2,1160.0,2,33.5
1522,Electronic City,2,1128.0,2,65.7
1523,Electronic City,2,1170.0,2,33.0
1524,Electronic City,2,1060.0,2,51.0
1525,Electronic City,3,1410.0,2,38.0
1526,Electronic City,3,1650.0,3,100.0
1527,Electronic City,2,1020.0,2,29.45
1528,Electronic City,2,1025.0,2,49.0
1529,Electronic City,2,1000.0,2,29.7
1530,Electronic City,3,1449.0,3,90.0
1531,Electronic City,2,1065.0,2,30.75
1532,Electronic City,2,1070.0,2,58.0
1533,Electronic City,2,1210.0,2,54.0
1534,Electronic City,3,1500.0,2,75.0
1535,Electronic City,2,1070.0,2,52.0
1536,Electronic City,4,2435.0,4,119.0
1537,Electronic City,2,1125.0,2,32.5
1538,Electronic City,2,1165.0,2,33.64
1539,Electronic City,2,919.0,2,34.0
1540,Electronic City,2,1073.0,2,60.0
1541,Electronic City,3,1500.0,2,78.0
1542,Electronic City,2,1070.0,2,47.0
1543,Electronic City,2,1296.0,2,65.0
1544,Electronic City,2,1140.0,2,70.93
1545,Electronic City,2,1200.0,2,34.65
1546,Electronic City,2,1096.0,2,40.55
1547,Electronic City,2,1017.0,2,27.0
1548,Electronic City,2,1130.0,2,32.63
1549,Electronic City,2,1110.0,2,39.95
1550,Electronic City,4,2093.0,4,104.0
1551,Electronic City,2,1025.0,2,53.9
1552,Electronic City,2,940.0,2,54.0
1553,Electronic City,1,435.0,1,21.0
1554,Electronic City,3,1500.0,2,77.5
1555,Electronic City,3,1631.0,3,80.0
1556,Electronic City,2,1355.0,2,67.0
1557,Electronic City,2,1200.0,2,34.0
1558,Electronic City,2,1175.0,2,47.0
1559,Electronic City,1,435.0,1,22.0
1560,Electronic City,3,1500.0,2,63.0
1561,Electronic City,2,1039.0,2,50.0
1562,Electronic City,2,919.0,2,35.0
1563,Electronic City,2,1128.0,2,64.0
1564,Electronic City,1,605.0,1,13.31
1565,Electronic City,1,530.0,1,13.5
1566,Electronic City,2,1070.0,2,53.0
1567,Electronic City,2,1025.0,1,26.63
1568,Electronic City,3,2400.0,2,78.0
1569,Electronic City,3,1571.0,3,83.0
1570,Electronic City,3,1470.0,2,44.1
1571,Electronic City,3,1350.0,3,66.0
1572,Electronic City,3,1652.0,3,110.0
1573,Electronic City,3,1320.0,2,38.12
1574,Electronic City,2,1090.0,2,31.48
1575,Electronic City,2,1128.0,2,65.58
1576,Electronic City,2,1355.0,2,97.6
1577,Electronic City,1,635.0,1,28.0
1578,Electronic City,2,1128.0,2,65.4
1579,Electronic City,2,1096.0,2,39.0
1580,Electronic City,2,1150.0,2,38.0
1581,Electronic City,2,1355.0,2,72.9
1582,Electronic City,2,1200.0,2,30.0
1583,Electronic City,2,1150.0,2,35.0
1584,Electronic City,2,1165.0,2,33.64
1585,Electronic City,3,1609.0,3,115.0
1586,Electronic City,2,1020.0,2,29.45
1587,Electronic City,2,865.0,2,40.0
1588,Electronic City,2,800.0,2,32.0
1589,Electronic City,2,970.0,2,34.0
1590,Electronic City,2,1108.0,2,63.0
1591,Electronic City,1,630.0,1,40.5
1592,Electronic City,2,1100.0,2,41.0
1593,Electronic City,2,975.0,2,32.0
1594,Electronic City,1,605.0,1,22.0
1595,Electronic City,2,1142.0,2,35.0
1596,Electronic City,2,1070.0,2,48.0
1597,Electronic City,3,1360.0,2,70.0
1598,Electronic City,1,635.0,1,28.0
1599,Electronic City,2,1128.0,2,65.45
1600,Electronic City,2,890.0,2,40.0
1601,Electronic City,2,1065.0,2,30.75
1602,Electronic City,2,1127.0,2,32.0
1603,Electronic City,2,825.0,2,35.0
1604,Electronic City,2,1200.0,2,40.5
1605,Electronic City,3,1360.0,2,58.0
1606,Electronic City,3,1400.0,2,40.45
1607,Electronic City,2,1065.0,2,30.76
1608,Electronic City,1,630.0,1,33.7
1609,Electronic City,2,1025.0,2,29.61
1610,Electronic City,3,1400.0,3,90.0
1611,Electronic City,3,1287.0,3,55.0
1612,Electronic City,2,1258.0,2,85.5
1613,Electronic City,2,1386.0,2,85.0
1614,Electronic City,2,1025.0,2,50.0
1615,Electronic City,2,1140.0,2,33.84
1616,Electronic City,2,1070.0,2,55.0
1617,Electronic City,2,1342.0,2,72.0
1618,Electronic City,3,1275.0,3,70.0
1619,Electronic City,2,1200.0,2,34.65
1620,Electronic City,2,1005.0,2,39.77
1621,Electronic City,2,1110.0,2,39.9
1622,Electronic City,3,1644.0,3,92.59
1623,Electronic City,2,1250.0,2,62.0
1624,Electronic City,2,1020.0,2,30.27
1625,Electronic City,2,1025.0,2,29.6
1626,Electronic City,1,418.0,1,12.0
1627,Electronic City,2,1128.0,2,64.8
1628,Electronic City,3,1220.0,2,35.25
1629,Electronic City,3,1220.0,2,35.23
1630,Electronic City,2,1060.0,2,55.0
1631,Electronic City,1,710.0,1,40.42
1632,Electronic City,2,1000.0,2,29.95
1633,Electronic City,2,870.0,2,24.0
1634,Electronic City,3,1275.0,3,63.43
1635,Electronic City,3,1518.0,3,75.0
1636,Electronic City,1,1090.0,2,31.48
1637,Electronic City,2,1140.0,2,32.92
1638,Electronic City,2,1125.0,2,32.49
1639,Electronic City,2,1060.0,2,55.0
1640,Electronic City,2,1200.0,2,34.66
1641,Electronic City,2,1353.0,2,75.0
1642,Electronic City,2,1128.0,2,67.0
1643,Electronic City,2,1070.0,2,57.0
1644,Electronic City,3,1700.0,3,90.0
1645,Electronic City,3,1521.0,2,57.5
1646,Electronic City,1,750.0,1,35.0
1647,Electronic City,2,1210.0,2,55.0
1648,Electronic City,2,1070.0,2,60.0
1649,Electronic City,3,1400.0,2,40.44
1650,Electronic City,2,1190.0,2,42.0
1651,Electronic City,2,880.0,2,19.0
1652,Electronic City,2,1150.0,2,38.08
1653,Electronic City,3,1615.0,3,97.0
1654,Electronic City,2,1165.0,2,33.65
1655,Electronic City,2,1221.0,2,68.0
1656,Electronic City,2,970.0,2,35.0
1657,Electronic City,3,1500.0,3,73.0
1658,Electronic City,2,995.0,2,48.0
1659,Electronic City,2,1342.0,2,90.0
1660,Electronic City,3,1320.0,2,38.12
1661,Electronic City,2,1128.0,2,63.5
1662,Electronic City,1,589.0,1,29.0
1663,Electronic City,2,1125.0,2,28.13
1664,Electronic City,2,825.0,2,30.0
1665,Electronic City,3,1575.0,3,94.5
1666,Electronic City,2,1070.0,2,48.0
1667,Electronic City,2,1025.0,2,54.0
1668,Electronic City,3,1500.0,2,70.0
1669,Electronic City,3,1500.0,2,64.5
1670,Electronic City,2,1140.0,2,32.93
1671,Electronic City,4,2093.0,4,134.0
1672,Electronic City,2,1355.0,2,73.0
1673,Electronic City,3,1360.0,2,64.99
1674,Electronic City,2,1060.0,2,52.0
1675,Electronic City Phase II,2,1056.0,2,39.07
1676,Electronic City Phase II,2,1020.0,2,30.6
1677,Electronic City Phase II,2,1069.0,2,45.0
1678,Electronic City Phase II,1,630.0,1,28.35
1679,Electronic City Phase II,3,1220.0,2,35.23
1680,Electronic City Phase II,2,1000.0,2,25.0
1681,Electronic City Phase II,2,1090.0,2,28.34
1682,Electronic City Phase II,4,2225.0,4,98.88
1683,Electronic City Phase II,3,1400.0,2,40.43
1684,Electronic City Phase II,2,1266.0,2,59.0
1685,Electronic City Phase II,2,1000.0,2,28.88
1686,Electronic City Phase II,3,1320.0,2,38.13
1687,Electronic City Phase II,3,1220.0,3,35.23
1688,Electronic City Phase II,2,972.0,2,44.0
1689,Electronic City Phase II,3,1400.0,2,40.43
1690,Electronic City Phase II,2,1031.0,2,55.0
1691,Electronic City Phase II,2,1003.0,2,40.6
1692,Electronic City Phase II,2,1031.0,2,56.35
1693,Electronic City Phase II,3,1320.0,2,38.12
1694,Electronic City Phase II,3,1395.0,2,62.78
1695,Electronic City Phase II,2,1160.0,2,33.5
1696,Electronic City Phase II,2,1065.0,2,30.75
1697,Electronic City Phase II,2,1219.0,2,61.25
1698,Electronic City Phase II,3,1400.0,2,41.58
1699,Electronic City Phase II,2,1000.0,2,28.88
1700,Electronic City Phase II,3,1790.0,3,100.0
1701,Electronic City Phase II,3,1400.0,2,40.43
1702,Electronic City Phase II,2,900.0,2,32.5
1703,Electronic City Phase II,3,1329.0,2,41.0
1704,Electronic City Phase II,3,1220.0,3,35.23
1705,Electronic City Phase II,3,1418.0,3,52.47
1706,Electronic City Phase II,2,1070.0,2,45.0
1707,Electronic City Phase II,3,1310.0,2,32.75
1708,Electronic City Phase II,3,1310.0,2,37.83
1709,Electronic City Phase II,2,1140.0,2,33.06
1710,Electronic City Phase II,2,1089.0,2,32.67
1711,Electronic City Phase II,2,1031.0,2,55.0
1712,Electronic City Phase II,2,1253.0,2,65.8
1713,Electronic City Phase II,3,1400.0,2,40.44
1714,Electronic City Phase II,2,1160.0,2,33.5
1715,Electronic City Phase II,4,6000.0,4,260.0
1716,Electronic City Phase II,2,1116.0,2,37.0
1717,Electronic City Phase II,2,1125.0,2,29.25
1718,Electronic City Phase II,2,1000.0,2,28.88
1719,Electronic City Phase II,2,1000.0,2,28.88
1720,Electronic City Phase II,2,1000.0,2,28.88
1721,Electronic City Phase II,2,1165.0,2,30.29
1722,Electronic City Phase II,4,3550.0,2,167.5
1723,Electronic City Phase II,2,1031.0,2,53.0
1724,Electronic City Phase II,3,1611.0,2,48.33
1725,Electronic City Phase II,2,1065.0,2,30.88
1726,Electronic City Phase II,3,1220.0,3,36.6
1727,Electronic City Phase II,3,1549.0,3,80.0
1728,Electronic City Phase II,2,1065.0,2,56.13
1729,Electronic City Phase II,3,1320.0,2,38.13
1730,Electronic City Phase II,2,920.0,2,26.0
1731,Electronic City Phase II,2,1140.0,2,33.84
1732,Electronic City Phase II,2,1219.0,2,61.26
1733,Electronic City Phase II,3,1252.0,2,65.0
1734,Electronic City Phase II,2,1125.0,2,32.49
1735,Electronic City Phase II,3,1310.0,2,37.83
1736,Electronic City Phase II,2,1286.0,2,69.0
1737,Electronic City Phase II,3,1220.0,2,36.21
1738,Electronic City Phase II,2,1140.0,2,32.92
1739,Electronic City Phase II,2,1116.0,2,40.0
1740,Electronic City Phase II,3,1502.0,3,50.0
1741,Electronic City Phase II,2,1020.0,2,32.0
1742,Electronic City Phase II,4,1900.0,3,97.0
1743,Electronic City Phase II,2,1020.0,2,27.43
1744,Electronic City Phase II,2,1025.0,2,26.65
1745,Electronic City Phase II,2,1020.0,2,29.45
1746,Electronic City Phase II,2,1000.0,2,28.88
1747,Electronic City Phase II,3,1310.0,2,37.84
1748,Electronic City Phase II,2,1140.0,2,28.5
1749,Electronic City Phase II,2,1125.0,2,32.49
1750,Electronic City Phase II,2,1200.0,2,34.65
1751,Electronic City Phase II,2,1160.0,2,52.2
1752,Electronic City Phase II,2,1244.0,2,55.0
1753,Electronic City Phase II,2,1160.0,2,33.51
1754,Electronic City Phase II,3,1220.0,3,35.25
1755,Electronic City Phase II,3,1625.0,2,48.75
1756,Electronic City Phase II,2,972.0,2,40.0
1757,Electronic City Phase II,2,1160.0,2,33.51
1758,Electronic City Phase II,3,1400.0,2,40.45
1759,Electronic City Phase II,2,1090.0,2,31.48
1760,Electronic City Phase II,2,1140.0,2,32.92
1761,Electronic City Phase II,1,650.0,1,35.0
1762,Electronic City Phase II,2,1155.0,2,57.0
1763,Electronic City Phase II,3,1800.0,3,92.0
1764,Electronic City Phase II,2,1300.0,2,28.0
1765,Electronic City Phase II,2,1160.0,2,33.5
1766,Electronic City Phase II,2,1025.0,2,29.6
1767,Electronic City Phase II,2,829.0,2,22.8
1768,Electronic City Phase II,4,2187.5,4,105.0
1769,Electronic City Phase II,2,1252.0,2,67.0
1770,Electronic City Phase II,3,1320.0,2,38.12
1771,Electronic City Phase II,2,1125.0,2,32.63
1772,Electronic City Phase II,2,1140.0,2,34.0
1773,Electronic City Phase II,3,1310.0,2,37.84
1774,Electronic City Phase II,3,1400.0,2,40.43
1775,Electronic City Phase II,3,1252.0,2,65.0
1776,Electronic City Phase II,2,1135.0,2,46.0
1777,Electronic City Phase II,3,1305.0,3,65.0
1778,Electronic City Phase II,2,1165.0,2,33.64
1779,Electronic City Phase II,3,1400.0,2,40.44
1780,Electronic City Phase II,3,1336.0,2,50.35
1781,Electronic City Phase II,1,575.0,1,16.75
1782,Electronic City Phase II,2,1065.0,2,30.76
1783,Electronic City Phase II,2,1065.0,2,30.75
1784,Electronic City Phase II,2,1140.0,2,33.06
1785,Electronic City Phase II,2,911.0,2,26.5
1786,Electronic City Phase II,2,1200.0,2,34.65
1787,Electronic City Phase II,2,1031.0,2,54.48
1788,Electronic City Phase II,3,1310.0,2,37.83
1789,Electronic City Phase II,3,1651.0,3,49.53
1790,Electronics City Phase 1,2,1070.0,2,45.5
1791,Electronics City Phase 1,3,1475.0,3,78.29
1792,Electronics City Phase 1,3,1490.0,3,78.8
1793,Electronics City Phase 1,2,1113.27,2,53.0
1794,Electronics City Phase 1,3,1490.0,3,84.0
1795,Electronics City Phase 1,2,1175.0,2,51.47
1796,Electronics City Phase 1,2,1160.0,2,52.0
1797,Electronics City Phase 1,2,920.0,2,33.0
1798,Electronics City Phase 1,3,1750.0,3,84.0
1799,Electronics City Phase 1,3,1350.0,3,55.0
1800,Electronics City Phase 1,2,940.0,2,40.0
1801,Electronics City Phase 1,2,1015.0,2,56.0
1802,Electronics City Phase 1,3,1595.0,3,75.0
1803,Electronics City Phase 1,3,1515.0,2,80.91
1804,Electronics City Phase 1,2,995.0,2,46.0
1805,Electronics City Phase 1,3,1555.0,2,82.0
1806,Electronics City Phase 1,2,1340.0,2,75.0
1807,Electronics City Phase 1,1,650.0,1,23.0
1808,Electronics City Phase 1,2,1175.0,2,57.0
1809,Electronics City Phase 1,1,755.0,1,42.41
1810,Electronics City Phase 1,1,580.0,1,27.0
1811,Electronics City Phase 1,2,940.0,2,49.0
1812,Electronics City Phase 1,2,1335.0,2,67.0
1813,Electronics City Phase 1,2,1113.12,2,55.0
1814,Electronics City Phase 1,2,995.0,2,42.0
1815,Electronics City Phase 1,3,1350.0,3,71.0
1816,Electronics City Phase 1,3,1445.0,2,56.0
1817,Electronics City Phase 1,2,995.0,2,49.8
1818,Electronics City Phase 1,1,635.0,1,26.0
1819,Electronics City Phase 1,2,1190.0,2,68.0
1820,Electronics City Phase 1,2,1085.0,2,46.0
1821,Electronics City Phase 1,3,1450.0,3,72.54
1822,Electronics City Phase 1,1,638.0,1,32.0
1823,Electronics City Phase 1,2,1175.0,2,64.98
1824,Electronics City Phase 1,1,585.0,1,21.0
1825,Electronics City Phase 1,2,1200.0,2,59.76
1826,Electronics City Phase 1,2,1145.0,2,54.0
1827,Electronics City Phase 1,2,1125.0,2,65.0
1828,Electronics City Phase 1,3,1522.5,2,60.75
1829,Electronics City Phase 1,3,1550.0,2,82.0
1830,Electronics City Phase 1,2,1175.0,2,50.0
1831,Electronics City Phase 1,2,865.0,2,40.0
1832,Electronics City Phase 1,3,1450.0,3,70.0
1833,Electronics City Phase 1,3,1450.0,2,63.51
1834,Electronics City Phase 1,3,1450.0,3,58.0
1835,Electronics City Phase 1,3,1800.0,3,93.0
1836,Electronics City Phase 1,2,1314.0,2,60.0
1837,Electronics City Phase 1,2,1170.0,2,62.0
1838,Electronics City Phase 1,3,1450.0,3,79.0
1839,Electronics City Phase 1,2,940.0,2,48.0
1840,Electronics City Phase 1,2,940.0,2,44.0
1841,Electronics City Phase 1,2,1300.0,2,67.0
1842,Electronics City Phase 1,2,1028.0,2,51.0
1843,Electronics City Phase 1,2,1080.0,2,46.0
1844,Electronics City Phase 1,2,1205.0,2,60.0
1845,Electronics City Phase 1,3,1900.0,3,85.0
1846,Electronics City Phase 1,2,1305.0,2,67.0
1847,Electronics City Phase 1,1,755.0,1,30.12
1848,Electronics City Phase 1,2,1175.0,2,60.0
1849,Frazer Town,3,1700.0,3,180.0
1850,Frazer Town,3,1305.0,3,95.45
1851,Frazer Town,3,1870.0,3,185.0
1852,Frazer Town,3,1750.0,3,150.0
1853,Frazer Town,4,4850.0,6,385.0
1854,Frazer Town,3,2000.0,3,200.0
1855,Frazer Town,3,3500.0,4,330.0
1856,Frazer Town,3,2350.0,4,285.0
1857,Frazer Town,2,1550.0,2,140.0
1858,Frazer Town,3,1900.0,4,145.0
1859,Frazer Town,3,2560.0,3,265.0
1860,Frazer Town,3,2400.0,3,260.0
1861,Frazer Town,3,2560.0,3,288.0
1862,Frazer Town,4,3436.0,5,341.0
1863,Frazer Town,4,4856.0,5,410.0
1864,Frazer Town,2,1315.0,2,140.0
1865,Frazer Town,3,1706.0,3,154.0
1866,Frazer Town,3,2079.0,3,220.0
1867,Frazer Town,4,3435.0,2,341.0
1868,Frazer Town,4,3436.0,5,345.0
1869,Frazer Town,3,3100.0,3,400.0
1870,Frazer Town,3,5400.0,3,400.0
1871,Frazer Town,2,1180.0,2,105.0
1872,Frazer Town,4,2900.0,4,325.0
1873,Frazer Town,3,1870.0,3,180.0
1874,Frazer Town,1,896.0,1,100.0
1875,Frazer Town,2,1420.0,2,120.0
1876,Gottigere,2,1100.0,2,40.0
1877,Gottigere,2,967.0,2,45.0
1878,Gottigere,3,1618.0,3,82.5
1879,Gottigere,2,1222.0,2,63.0
1880,Gottigere,3,1600.0,2,55.0
1881,Gottigere,3,1300.0,3,65.0
1882,Gottigere,2,950.0,2,38.0
1883,Gottigere,2,1153.0,2,48.5
1884,Gottigere,1,812.0,1,26.0
1885,Gottigere,4,2000.0,4,82.0
1886,Gottigere,3,1460.0,2,65.0
1887,Gottigere,3,1500.0,3,70.0
1888,Gottigere,3,1621.0,3,72.0
1889,Gottigere,1,812.0,1,26.0
1890,Gottigere,2,990.0,2,40.0
1891,Gottigere,2,1235.0,2,63.0
1892,Gottigere,3,1385.0,3,64.0
1893,Gottigere,2,1000.0,2,35.0
1894,Gottigere,2,1010.0,2,35.0
1895,Gottigere,3,1385.0,2,50.0
1896,Gottigere,2,1410.0,2,45.0
1897,Gottigere,3,1425.0,2,47.0
1898,Gottigere,3,1435.0,2,62.0
1899,Gottigere,2,945.0,2,45.0
1900,Gottigere,3,1400.0,2,50.0
1901,Gottigere,4,2500.0,3,120.0
1902,Gottigere,3,1230.0,2,52.0
1903,Gottigere,2,1120.0,2,50.0
1904,Gottigere,3,1500.0,3,63.0
1905,Gottigere,2,1200.0,2,40.0
1906,Gottigere,2,1280.0,2,61.0
1907,Gottigere,2,1205.0,2,56.58
1908,Gottigere,2,1170.0,2,40.0
1909,Gottigere,4,3000.0,3,132.0
1910,Gottigere,3,1613.0,3,72.0
1911,Gottigere,2,1110.0,2,36.25
1912,Gottigere,2,1245.0,2,59.0
1913,Gottigere,2,1200.0,2,50.0
1914,Green Glen Layout,3,1670.0,3,120.0
1915,Green Glen Layout,4,3250.0,4,230.0
1916,Green Glen Layout,3,1776.42,3,105.0
1917,Green Glen Layout,4,3250.0,4,230.0
1918,Green Glen Layout,2,940.0,2,56.8
1919,Green Glen Layout,2,1075.0,2,60.0
1920,Green Glen Layout,3,1715.0,3,115.0
1921,Green Glen Layout,3,1751.0,2,115.0
1922,Green Glen Layout,3,1750.0,3,130.0
1923,Green Glen Layout,3,1530.0,3,105.0
1924,Green Glen Layout,3,1752.0,3,105.0
1925,Green Glen Layout,3,1680.0,4,95.0
1926,Green Glen Layout,3,1728.0,3,125.0
1927,Green Glen Layout,3,1645.0,3,110.0
1928,Green Glen Layout,3,1517.0,3,100.0
1929,Green Glen Layout,4,3150.0,4,218.0
1930,Green Glen Layout,4,3270.0,4,205.0
1931,Green Glen Layout,3,1750.0,3,120.0
1932,Green Glen Layout,3,1751.0,3,115.0
1933,Green Glen Layout,3,1750.0,3,105.0
1934,Green Glen Layout,3,1885.0,3,135.0
1935,Green Glen Layout,3,1715.0,3,120.0
1936,Green Glen Layout,3,1623.29,2,105.0
1937,Green Glen Layout,3,1715.0,3,115.0
1938,Green Glen Layout,3,1715.0,3,105.0
1939,Green Glen Layout,3,1600.0,3,105.0
1940,Green Glen Layout,3,1717.0,3,125.0
1941,Green Glen Layout,2,1250.0,2,75.0
1942,Green Glen Layout,3,1715.0,3,112.0
1943,Gubbalala,3,1470.0,2,82.0
1944,Gubbalala,3,1745.0,3,104.0
1945,Gubbalala,3,1745.0,3,115.0
1946,Gubbalala,3,1745.0,3,110.0
1947,Gubbalala,3,1650.0,3,71.0
1948,Gubbalala,5,2570.0,4,141.0
1949,Gubbalala,2,1205.0,2,70.0
1950,Gubbalala,3,1435.0,2,80.0
1951,Gubbalala,2,1475.0,2,80.0
1952,Gubbalala,4,2000.0,4,85.0
1953,Gubbalala,2,1100.0,2,49.5
1954,Gubbalala,2,1060.0,2,46.0
1955,Gubbalala,3,2000.0,3,125.0
1956,Gubbalala,4,4000.0,5,195.0
1957,Gunjur,2,1140.0,2,43.0
1958,Gunjur,3,1356.0,2,66.0
1959,Gunjur,3,1600.0,3,75.0
1960,Gunjur,4,2000.0,3,95.0
1961,Gunjur,2,1140.0,2,49.11
1962,Gunjur,2,1195.0,2,44.0
1963,Gunjur,2,1190.0,2,40.0
1964,Gunjur,2,1457.0,2,60.0
1965,Gunjur,2,1080.0,2,41.0
1966,Gunjur,3,2132.0,3,80.0
1967,Gunjur,3,1800.0,3,70.0
1968,Gunjur,2,1175.0,2,43.48
1969,Gunjur,3,1362.0,3,62.63
1970,Gunjur,2,1071.0,2,51.0
1971,Gunjur,2,1063.0,2,40.0
1972,Gunjur,2,1235.0,2,52.76
1973,Gunjur,3,1362.0,3,62.63
1974,Gunjur,3,1362.0,3,62.63
1975,Gunjur,3,1588.0,2,90.0
1976,Gunjur,2,1235.0,2,44.5
1977,Gunjur,2,1457.0,2,60.0
1978,HSR Layout,3,1400.0,3,56.0
1979,HSR Layout,2,1372.0,2,68.0
1980,HSR Layout,3,1430.0,2,65.0
1981,HSR Layout,3,1475.0,3,75.0
1982,HSR Layout,2,1467.0,2,55.0
1983,HSR Layout,2,1140.0,2,46.0
1984,HSR Layout,2,1372.0,2,61.0
1985,HSR Layout,3,1750.0,3,95.0
1986,HSR Layout,3,2424.0,3,90.0
1987,HSR Layout,2,1027.0,2,44.0
1988,HSR Layout,3,1650.0,3,110.0
1989,HSR Layout,2,1140.0,2,46.0
1990,HSR Layout,2,1372.0,2,61.0
1991,HSR Layout,2,1140.0,2,46.0
1992,HSR Layout,2,1185.0,2,60.0
1993,HSR Layout,2,1127.0,2,68.0
1994,HSR Layout,3,1600.0,2,115.0
1995,HSR Layout,2,1145.0,2,48.0
1996,HSR Layout,2,1009.0,2,56.0
1997,HSR Layout,2,1300.0,2,98.0
1998,HSR Layout,3,2400.0,3,88.0
1999,HSR Layout,2,1140.0,2,46.0
2000,HSR Layout,2,1126.0,2,69.0
2001,HSR Layout,3,1360.0,2,53.0
2002,HSR Layout,2,1140.0,2,46.0
2003,HSR Layout,2,1145.0,2,46.0
2004,HSR Layout,2,1142.0,2,65.0
2005,HSR Layout,2,1145.0,2,46.0
2006,HSR Layout,3,1844.0,3,95.0
2007,HSR Layout,2,1203.0,2,72.0
2008,HSR Layout,2,1140.0,2,46.0
2009,HSR Layout,5,4200.0,5,245.0
2010,HSR Layout,2,1140.0,2,46.0
2011,HSR Layout,2,1145.0,2,46.0
2012,HSR Layout,2,1009.0,2,56.0
2013,HSR Layout,2,1145.0,2,46.0
2014,HSR Layout,2,1100.0,2,44.0
2015,HSR Layout,2,1203.0,2,60.0
2016,HSR Layout,2,1120.0,2,70.0
2017,HSR Layout,2,1140.0,2,46.0
2018,HSR Layout,2,1289.0,2,70.0
2019,HSR Layout,3,1844.0,3,89.0
2020,HSR Layout,2,1203.0,2,60.0
2021,HSR Layout,2,1140.0,2,46.0
2022,Haralur Road,2,1240.0,2,70.0
2023,Haralur Road,2,1027.0,2,44.0
2024,Haralur Road,3,1464.0,3,56.0
2025,Haralur Road,4,2805.0,5,154.0
2026,Haralur Road,2,1194.0,2,47.0
2027,Haralur Road,2,1202.0,2,53.0
2028,Haralur Road,2,1056.0,2,61.0
2029,Haralur Road,3,1464.0,3,56.0
2030,Haralur Road,3,1810.0,3,100.0
2031,Haralur Road,2,1194.0,2,46.0
2032,Haralur Road,4,2805.0,4,154.0
2033,Haralur Road,2,1225.0,2,67.38
2034,Haralur Road,2,1243.0,2,46.0
2035,Haralur Road,2,1027.0,2,44.0
2036,Haralur Road,3,1920.0,3,115.0
2037,Haralur Road,3,1875.0,3,110.0
2038,Haralur Road,2,1194.0,2,47.0
2039,Haralur Road,2,1140.0,2,43.0
2040,Haralur Road,2,1027.0,2,44.0
2041,Haralur Road,2,1194.0,2,46.0
2042,Haralur Road,3,2017.0,3,125.0
2043,Haralur Road,2,1140.0,2,43.0
2044,Haralur Road,3,1875.0,3,110.0
2045,Haralur Road,2,1092.0,2,44.0
2046,Haralur Road,3,2475.0,4,130.0
2047,Haralur Road,2,1300.0,2,73.0
2048,Haralur Road,2,1194.0,2,47.0
2049,Haralur Road,2,1243.0,2,46.0
2050,Haralur Road,3,1850.0,3,110.0
2051,Haralur Road,2,1225.0,2,67.38
2052,Haralur Road,2,1243.0,2,46.0
2053,Haralur Road,2,1464.0,2,56.0
2054,Haralur Road,2,1230.0,2,78.0
2055,Haralur Road,2,1000.0,2,44.0
2056,Haralur Road,4,3185.0,2,175.0
2057,Haralur Road,2,1300.0,2,79.0
2058,Haralur Road,3,1444.0,2,80.0
2059,Haralur Road,2,1088.0,2,68.0
2060,Haralur Road,2,1027.0,2,44.0
2061,Haralur Road,3,1464.0,3,56.0
2062,Haralur Road,2,1225.0,2,70.0
2063,Haralur Road,3,1464.0,3,56.0
2064,Haralur Road,2,1194.0,2,46.0
2065,Haralur Road,3,1830.0,3,101.0
2066,Haralur Road,2,1464.0,2,56.0
2067,Haralur Road,3,1520.0,2,96.0
2068,Haralur Road,2,1300.0,2,75.0
2069,Haralur Road,3,2017.0,2,125.0
2070,Haralur Road,2,1243.0,2,46.0
2071,Haralur Road,2,1027.0,2,44.0
2072,Haralur Road,4,2805.0,5,160.0
2073,Haralur Road,2,1243.0,2,46.0
2074,Haralur Road,2,1027.0,2,44.0
2075,Haralur Road,3,2017.0,3,105.0
2076,Haralur Road,2,1243.0,2,46.0
2077,Haralur Road,2,1243.0,2,46.0
2078,Haralur Road,3,1520.0,2,90.0
2079,Haralur Road,2,1300.0,2,60.0
2080,Haralur Road,3,1985.0,3,130.0
2081,Haralur Road,2,1056.0,2,60.0
2082,Haralur Road,2,1140.0,2,42.0
2083,Haralur Road,2,1245.0,2,62.0
2084,Haralur Road,2,1140.0,2,58.0
2085,Haralur Road,2,1140.0,2,42.0
2086,Haralur Road,2,1027.0,2,43.0
2087,Haralur Road,2,1194.0,2,47.0
2088,Haralur Road,2,1194.0,2,47.0
2089,Haralur Road,3,1560.0,3,90.0
2090,Haralur Road,3,1520.0,2,85.0
2091,Haralur Road,2,1243.0,2,45.0
2092,Haralur Road,2,1027.0,2,44.0
2093,Haralur Road,2,1194.0,2,46.0
2094,Haralur Road,3,1650.0,3,100.0
2095,Haralur Road,3,1580.0,3,73.0
2096,Haralur Road,2,1243.0,2,46.0
2097,Haralur Road,2,1194.0,2,47.0
2098,Haralur Road,4,2805.0,4,154.0
2099,Haralur Road,3,1520.0,2,96.0
2100,Haralur Road,3,1510.0,3,83.05
2101,Haralur Road,2,1056.0,2,65.0
2102,Haralur Road,3,1810.0,3,100.0
2103,Haralur Road,2,1243.0,2,46.0
2104,Haralur Road,1,575.0,1,38.0
2105,Haralur Road,2,1194.0,2,46.0
2106,Haralur Road,2,1243.0,2,46.0
2107,Haralur Road,2,1194.0,2,46.0
2108,Haralur Road,2,1140.0,2,43.0
2109,Haralur Road,3,1850.0,3,120.0
2110,Haralur Road,2,1194.0,2,47.0
2111,Haralur Road,2,1194.0,2,47.0
2112,Haralur Road,3,1464.0,3,56.0
2113,Haralur Road,2,1243.0,2,46.0
2114,Haralur Road,3,1710.0,3,85.0
2115,Haralur Road,3,1730.0,3,95.0
2116,Haralur Road,2,1243.0,2,46.0
2117,Haralur Road,2,1243.0,2,46.0
2118,Haralur Road,2,1243.0,2,46.0
2119,Haralur Road,3,1817.0,3,110.0
2120,Haralur Road,2,1225.0,2,77.0
2121,Haralur Road,2,1285.0,2,78.0
2122,Haralur Road,2,1225.0,2,67.48
2123,Haralur Road,2,1225.0,2,69.84
2124,Haralur Road,2,1200.0,2,46.0
2125,Haralur Road,2,1315.0,2,85.0
2126,Haralur Road,3,1976.0,3,92.0
2127,Haralur Road,2,1300.0,2,75.0
2128,Haralur Road,2,1309.0,2,82.0
2129,Haralur Road,2,1027.0,1,44.0
2130,Haralur Road,2,1243.0,2,46.0
2131,Haralur Road,2,1243.0,2,46.0
2132,Haralur Road,2,1140.0,2,43.0
2133,Haralur Road,2,1300.0,2,75.0
2134,Haralur Road,2,1243.0,2,46.0
2135,Haralur Road,3,1890.0,3,84.0
2136,Haralur Road,2,1230.0,2,67.65
2137,Haralur Road,2,1194.0,2,46.0
2138,Haralur Road,2,1092.0,2,44.0
2139,Haralur Road,3,1464.0,3,56.0
2140,Haralur Road,3,1735.0,3,97.0
2141,Haralur Road,3,1810.0,3,97.83
2142,Haralur Road,2,1200.0,2,46.0
2143,Haralur Road,2,1243.0,2,46.0
2144,Haralur Road,3,1810.0,3,112.0
2145,Harlur,2,1174.0,2,69.0
2146,Harlur,2,1197.0,2,84.0
2147,Harlur,3,1757.0,3,132.0
2148,Harlur,2,1174.0,2,76.0
2149,Harlur,3,1754.0,3,125.0
2150,Harlur,2,1290.0,2,85.0
2151,Harlur,3,1752.12,3,116.0
2152,Harlur,3,1754.0,3,124.0
2153,Harlur,2,1152.0,2,69.0
2154,Harlur,2,1290.0,2,87.0
2155,Harlur,3,1749.0,3,115.0
2156,Harlur,3,2240.0,5,155.0
2157,Harlur,3,1758.0,3,133.0
2158,Harlur,4,1884.0,4,120.0
2159,Harlur,2,1197.0,2,79.0
2160,Harlur,2,1174.0,2,78.0
2161,Harlur,3,1730.0,3,100.0
2162,Harlur,2,1197.0,2,79.0
2163,Harlur,3,1749.0,3,112.0
2164,Harlur,2,1174.0,2,75.0
2165,Harlur,3,1620.0,3,110.0
2166,Harlur,3,1414.0,3,77.5
2167,Harlur,3,1630.0,3,95.1
2168,Harlur,3,1762.0,3,133.0
2169,Harlur,3,1756.0,3,131.0
2170,Harlur,3,1755.0,3,130.0
2171,Harlur,3,1864.0,3,140.0
2172,Harlur,2,1331.0,2,88.0
2173,Harlur,3,1756.0,3,128.0
2174,Harlur,3,1749.0,3,120.0
2175,Harlur,2,1197.0,2,82.0
2176,Harlur,2,1303.0,2,90.0
2177,Harlur,3,1754.0,3,132.0
2178,Harlur,2,1174.0,2,75.0
2179,Harlur,2,1197.0,2,78.0
2180,Harlur,2,1290.0,2,89.9
2181,Harlur,2,1386.0,2,85.0
2182,Harlur,2,1174.0,2,74.0
2183,Harlur,2,1174.0,2,78.0
2184,Harlur,3,1755.0,3,115.0
2185,Harlur,4,2820.0,4,153.5
2186,Harlur,4,2569.0,4,175.0
2187,Harlur,2,1197.0,2,77.0
2188,Harlur,3,1752.12,3,125.0
2189,Harlur,4,2569.0,5,180.0
2190,Harlur,2,1197.0,2,76.0
2191,Harlur,2,1197.0,2,75.0
2192,Harlur,3,1755.0,3,117.0
2193,Harlur,2,1197.0,2,79.9
2194,Harlur,4,2990.0,4,225.0
2195,Harlur,2,1370.0,2,88.0
2196,Harlur,2,1335.0,2,72.76
2197,Hebbal,3,1760.0,2,123.0
2198,Hebbal,4,5611.5,4,477.0
2199,Hebbal,3,1900.0,3,119.0
2200,Hebbal,2,1349.0,2,98.2
2201,Hebbal,4,2483.0,5,212.0
2202,Hebbal,3,1760.0,2,130.0
2203,Hebbal,3,3450.0,5,260.0
2204,Hebbal,3,1920.0,3,134.0
2205,Hebbal,2,1337.0,2,82.0
2206,Hebbal,2,1349.0,2,98.0
2207,Hebbal,3,1255.0,2,77.68
2208,Hebbal,3,1355.0,3,83.87
2209,Hebbal,3,1790.0,3,127.0
2210,Hebbal,4,2790.0,5,198.0
2211,Hebbal,4,2483.0,5,215.0
2212,Hebbal,2,812.0,2,55.0
2213,Hebbal,4,2790.0,4,198.0
2214,Hebbal,4,3067.0,4,230.0
2215,Hebbal,4,3067.0,4,230.0
2216,Hebbal,3,1255.0,2,77.68
2217,Hebbal,2,823.0,2,50.63
2218,Hebbal,2,1420.0,2,123.0
2219,Hebbal,2,1420.0,2,99.39
2220,Hebbal,4,4235.0,4,365.0
2221,Hebbal,3,1700.0,3,124.0
2222,Hebbal,2,1420.0,2,99.39
2223,Hebbal,3,1355.0,3,83.87
2224,Hebbal,2,1440.0,2,115.0
2225,Hebbal,3,1355.0,3,83.87
2226,Hebbal,3,2400.0,4,180.0
2227,Hebbal,3,1255.0,2,77.68
2228,Hebbal,2,1420.0,2,107.0
2229,Hebbal,2,1320.0,2,92.0
2230,Hebbal,2,919.0,2,49.0
2231,Hebbal,3,1645.0,3,135.0
2232,Hebbal,3,2080.0,3,175.0
2233,Hebbal,3,1355.0,3,83.87
2234,Hebbal,4,2483.0,5,230.0
2235,Hebbal,3,2600.0,3,195.0
2236,Hebbal,3,1645.0,3,117.0
2237,Hebbal,2,1251.0,2,88.73
2238,Hebbal,3,1645.0,3,121.0
2239,Hebbal,3,1760.0,3,123.0
2240,Hebbal,4,2790.0,4,198.0
2241,Hebbal,3,1645.0,3,120.0
2242,Hebbal,3,1255.0,2,90.0
2243,Hebbal,3,1645.0,3,117.0
2244,Hebbal,3,1255.0,3,77.68
2245,Hebbal,3,1586.0,3,90.0
2246,Hebbal,3,1636.0,3,119.0
2247,Hebbal,3,2661.0,2,226.5
2248,Hebbal,3,1255.0,2,95.0
2249,Hebbal,4,2790.0,4,198.0
2250,Hebbal,3,1269.0,2,73.0
2251,Hebbal,3,1255.0,2,95.0
2252,Hebbal,2,1088.0,2,61.45
2253,Hebbal,2,1349.0,2,97.8
2254,Hebbal,3,1255.0,3,77.68
2255,Hebbal,2,1344.0,2,108.0
2256,Hebbal,3,1255.0,2,90.0
2257,Hebbal,3,1255.0,3,77.68
2258,Hebbal,4,2790.0,5,204.0
2259,Hebbal,2,1088.0,2,62.0
2260,Hebbal,3,1987.0,4,165.0
2261,Hebbal,4,2790.0,5,198.0
2262,Hebbal,2,1299.0,2,100.0
2263,Hebbal,3,1645.0,3,117.0
2264,Hebbal,2,1390.0,2,95.0
2265,Hebbal,2,1333.0,2,100.0
2266,Hebbal,3,1355.0,3,83.87
2267,Hebbal,3,2650.0,4,199.0
2268,Hebbal,3,1800.0,3,140.0
2269,Hebbal,4,2470.0,4,203.0
2270,Hebbal,3,1255.0,2,95.0
2271,Hebbal,2,1333.0,2,104.0
2272,Hebbal,3,1645.0,3,117.0
2273,Hebbal,3,2600.0,3,199.0
2274,Hebbal,2,1345.0,2,97.0
2275,Hebbal,2,985.0,2,62.0
2276,Hebbal,2,1320.0,2,91.0
2277,Hebbal,3,2388.0,3,195.0
2278,Hebbal,2,1040.0,2,55.0
2279,Hebbal,3,2600.0,3,195.0
2280,Hebbal,4,2630.0,5,188.0
2281,Hebbal,4,2790.0,5,198.0
2282,Hebbal,3,1645.0,3,113.0
2283,Hebbal,3,1355.0,3,83.87
2284,Hebbal,2,1420.0,2,99.39
2285,Hebbal,3,1590.0,3,96.0
2286,Hebbal,3,3520.0,5,320.0
2287,Hebbal,2,1162.0,2,69.0
2288,Hebbal,2,1100.0,2,60.0
2289,Hebbal,4,4235.0,5,364.0
2290,Hebbal,2,1299.0,2,97.0
2291,Hebbal,3,1255.0,3,77.68
2292,Hebbal,4,2470.0,5,192.0
2293,Hebbal,3,1645.0,3,117.0
2294,Hebbal,3,1920.0,3,134.0
2295,Hebbal,3,3520.0,5,240.0
2296,Hebbal,3,1920.0,3,150.0
2297,Hebbal,4,2375.0,4,189.0
2298,Hebbal,2,1420.0,2,99.26
2299,Hebbal,2,1252.0,2,92.0
2300,Hebbal,4,2790.0,4,198.0
2301,Hebbal,2,1294.0,2,115.0
2302,Hebbal,4,4225.0,6,359.0
2303,Hebbal,3,1740.0,2,137.0
2304,Hebbal,3,1430.0,3,85.0
2305,Hebbal,3,1662.0,3,155.0
2306,Hebbal,2,1349.0,2,98.0
2307,Hebbal,4,4000.0,6,370.0
2308,Hebbal,2,1349.0,2,96.8
2309,Hebbal Kempapura,3,1700.0,3,155.0
2310,Hebbal Kempapura,3,1800.0,3,175.0
2311,Hebbal Kempapura,3,2900.0,4,300.0
2312,Hebbal Kempapura,3,3522.0,3,380.0
2313,Hebbal Kempapura,5,2280.0,5,200.0
2314,Hebbal Kempapura,2,1200.0,2,125.0
2315,Hebbal Kempapura,3,2900.0,4,240.0
2316,Hebbal Kempapura,4,3900.0,5,360.0
2317,Hebbal Kempapura,2,1300.0,2,102.0
2318,Hebbal Kempapura,3,1466.0,2,140.0
2319,Hebbal Kempapura,4,3900.0,5,310.0
2320,Hebbal Kempapura,3,1725.0,2,165.0
2321,Hebbal Kempapura,3,1200.0,3,125.0
2322,Hebbal Kempapura,3,3408.0,3,260.0
2323,Hebbal Kempapura,2,1485.0,3,132.0
2324,Hebbal Kempapura,2,1400.0,2,108.0
2325,Hebbal Kempapura,3,1800.0,3,150.0
2326,Hebbal Kempapura,5,2400.0,5,200.0
2327,Hebbal Kempapura,5,2800.0,5,220.0
2328,Hebbal Kempapura,3,1785.0,3,165.0
2329,Hebbal Kempapura,4,3729.0,4,384.0
2330,Hebbal Kempapura,3,1600.0,3,170.0
2331,Hebbal Kempapura,3,1730.0,3,175.0
2332,Hebbal Kempapura,4,2485.0,4,198.0
2333,Hegde Nagar,3,1569.0,3,101.0
2334,Hegde Nagar,6,3000.0,7,210.0
2335,Hegde Nagar,3,2026.0,3,132.0
2336,Hegde Nagar,3,1801.0,3,115.0
2337,Hegde Nagar,2,1050.0,1,56.0
2338,Hegde Nagar,2,1341.0,2,97.0
2339,Hegde Nagar,3,2112.95,4,145.0
2340,Hegde Nagar,3,1703.0,3,113.0
2341,Hegde Nagar,3,1570.0,3,105.0
2342,Hegde Nagar,3,1801.0,3,140.0
2343,Hegde Nagar,3,1584.01,3,103.0
2344,Hegde Nagar,3,1965.0,4,125.0
2345,Hegde Nagar,2,1200.0,2,75.0
2346,Hegde Nagar,3,1847.0,3,135.0
2347,Hegde Nagar,3,1965.0,4,132.0
2348,Hegde Nagar,3,1703.0,3,125.0
2349,Hegde Nagar,3,1847.0,3,125.0
2350,Hegde Nagar,3,2144.6,4,145.0
2351,Hegde Nagar,3,1718.0,3,119.0
2352,Hegde Nagar,3,1847.0,3,123.0
2353,Hegde Nagar,2,1340.0,2,72.0
2354,Hegde Nagar,3,2087.01,3,115.0
2355,Hegde Nagar,3,1703.0,3,130.0
2356,Hegde Nagar,3,2087.01,4,135.0
2357,Hegde Nagar,3,1718.0,3,130.0
2358,Hegde Nagar,3,1884.0,4,118.0
2359,Hegde Nagar,3,1930.0,4,122.0
2360,Hegde Nagar,3,1584.01,3,104.0
2361,Hegde Nagar,3,2162.03,4,129.0
2362,Hegde Nagar,3,2087.01,4,160.0
2363,Hegde Nagar,2,1000.0,2,66.0
2364,Hegde Nagar,3,1348.0,2,80.5
2365,Hennur,2,1075.0,2,52.0
2366,Hennur,2,1255.0,2,52.32
2367,Hennur,2,1225.0,2,57.0
2368,Hennur,2,1255.0,2,57.5
2369,Hennur,2,1259.0,2,57.0
2370,Hennur,2,1255.0,2,53.5
2371,Hennur,2,1285.0,2,60.0
2372,Hennur,2,1285.0,2,60.0
2373,Hennur,2,1100.0,2,60.0
2374,Hennur,2,1255.0,2,58.0
2375,Hennur,2,1040.0,2,42.12
2376,Hennur,2,1255.0,2,54.5
2377,Hennur,3,1340.0,3,54.24
2378,Hennur,2,1255.0,2,55.5
2379,Hennur,3,1260.0,2,52.0
2380,Hennur,2,1231.0,2,50.0
2381,Hennur,5,2500.0,5,125.0
2382,Hennur,2,1160.0,2,49.0
2383,Hennur,3,2400.0,3,135.0
2384,Hennur,2,1255.0,2,53.5
2385,Hennur,2,1255.0,2,55.5
2386,Hennur,2,1100.0,2,44.55
2387,Hennur,2,1255.0,2,57.5
2388,Hennur,2,960.0,2,48.0
2389,Hennur,2,1020.0,2,48.0
2390,Hennur,2,1255.0,2,52.32
2391,Hennur,2,1295.0,2,64.0
2392,Hennur,3,1935.0,3,102.0
2393,Hennur,3,1655.0,2,70.5
2394,Hennur,3,1345.0,2,69.0
2395,Hennur,2,1255.0,2,58.0
2396,Hennur,2,1420.0,2,62.0
2397,Hennur,2,1155.0,2,54.5
2398,Hennur,2,1255.0,2,52.32
2399,Hennur,2,1255.0,2,52.35
2400,Hennur,4,3517.0,2,161.5
2401,Hennur,3,1340.0,2,54.27
2402,Hennur,2,1255.0,2,54.5
2403,Hennur,3,1830.5,3,84.205
2404,Hennur,2,1255.0,2,55.5
2405,Hennur,2,1255.0,2,53.57
2406,Hennur,2,1255.0,2,56.5
2407,Hennur,2,1050.0,2,42.73
2408,Hennur,2,1295.0,2,62.0
2409,Hennur Road,3,2089.0,3,140.0
2410,Hennur Road,4,3203.5,2,224.5
2411,Hennur Road,8,5000.0,8,250.0
2412,Hennur Road,2,1385.0,2,83.09
2413,Hennur Road,2,1317.5,2,63.77
2414,Hennur Road,3,1500.0,2,62.0
2415,Hennur Road,3,2264.0,3,159.0
2416,Hennur Road,2,1157.0,2,84.0
2417,Hennur Road,3,1904.0,3,120.0
2418,Hennur Road,3,1891.0,3,109.0
2419,Hennur Road,3,1561.0,3,95.0
2420,Hennur Road,3,2060.0,3,149.0
2421,Hennur Road,3,1482.0,2,92.0
2422,Hennur Road,2,1232.0,2,89.0
2423,Hennur Road,2,1065.0,2,42.6
2424,Hennur Road,3,1482.0,2,83.73
2425,Hennur Road,3,1482.0,2,87.0
2426,Hennur Road,3,1891.0,3,139.0
2427,Hennur Road,3,1703.0,3,101.0
2428,Hennur Road,2,1232.0,2,69.61
2429,Hennur Road,2,987.0,2,49.0
2430,Hennur Road,3,1804.0,3,102.0
2431,Hennur Road,3,2160.0,3,160.0
2432,Hennur Road,3,1680.0,3,99.27
2433,Hennur Road,2,1065.0,2,42.6
2434,Hennur Road,2,1385.0,2,83.09
2435,Hennur Road,3,2350.0,3,174.0
2436,Hennur Road,3,1586.0,3,93.94
2437,Hennur Road,3,1975.0,3,123.0
2438,Hennur Road,3,1664.0,2,93.865
2439,Hennur Road,3,1290.0,2,94.5
2440,Hennur Road,2,901.0,2,49.5
2441,Hennur Road,3,1445.0,3,86.56
2442,Hennur Road,3,1482.0,2,97.0
2443,Hennur Road,2,1182.0,2,82.5
2444,Hennur Road,2,1036.0,2,59.46
2445,Hennur Road,3,1891.0,3,109.0
2446,Hennur Road,2,1232.0,2,69.61
2447,Hennur Road,3,1804.0,3,102.0
2448,Hennur Road,3,2320.0,3,170.0
2449,Hennur Road,3,1936.0,3,118.0
2450,Hennur Road,2,1480.0,2,65.0
2451,Hennur Road,3,1590.0,3,96.5
2452,Hennur Road,3,1445.0,2,105.0
2453,Hennur Road,2,1036.0,2,59.45
2454,Hennur Road,3,1832.0,3,125.0
2455,Hennur Road,2,1359.0,2,104.0
2456,Hennur Road,2,1341.0,2,75.76
2457,Hennur Road,2,1040.0,2,50.0
2458,Hennur Road,3,1685.0,3,95.0
2459,Hennur Road,2,1414.0,2,84.18
2460,Hennur Road,3,1949.0,3,133.0
2461,Hennur Road,2,1232.0,2,89.0
2462,Hennur Road,3,1250.0,2,77.88
2463,Hennur Road,4,2502.0,4,180.0
2464,Hennur Road,3,1831.0,3,110.0
2465,Hennur Road,2,1232.0,2,87.0
2466,Hennur Road,2,1232.0,2,74.0
2467,Hennur Road,2,1232.0,2,66.0
2468,Hennur Road,2,1341.0,2,95.0
2469,Hennur Road,3,2700.0,3,150.0
2470,Hennur Road,2,1232.0,2,88.0
2471,Hennur Road,3,2365.0,4,175.0
2472,Hennur Road,2,1310.0,2,66.0
2473,Hennur Road,3,1552.0,3,75.0
2474,Hennur Road,2,1015.0,2,50.0
2475,Hennur Road,3,2264.0,3,168.0
2476,Hennur Road,3,2002.0,3,120.0
2477,Hennur Road,2,1232.0,2,69.6
2478,Hennur Road,2,1195.0,2,73.0
2479,Hennur Road,2,1020.0,2,47.0
2480,Hennur Road,5,5100.0,6,375.0
2481,Hennur Road,2,1061.0,2,54.92
2482,Hennur Road,3,1585.0,2,80.0
2483,Hennur Road,2,1020.0,2,45.0
2484,Hennur Road,3,2041.0,3,128.0
2485,Hennur Road,2,1232.0,2,87.0
2486,Hennur Road,2,1066.0,2,52.23
2487,Hennur Road,2,973.0,2,56.0
2488,Hennur Road,2,1255.0,2,84.0
2489,Hennur Road,2,1232.0,2,83.0
2490,Hennur Road,3,1832.0,3,116.0
2491,Hennur Road,3,2050.0,3,120.0
2492,Hennur Road,3,1445.0,2,86.69
2493,Hennur Road,3,1445.0,2,83.0
2494,Hennur Road,3,1679.0,3,94.86
2495,Hennur Road,3,1482.0,2,68.9
2496,Hennur Road,3,1654.0,3,97.8
2497,Hennur Road,3,1480.0,3,100.0
2498,Hennur Road,3,1450.0,3,88.6
2499,Hennur Road,2,1155.0,2,69.18
2500,Hennur Road,2,1053.0,2,53.0
2501,Hennur Road,2,1195.0,2,59.0
2502,Hennur Road,3,1904.0,3,129.0
2503,Hennur Road,3,1981.0,3,134.0
2504,Hennur Road,2,1155.0,2,69.18
2505,Hennur Road,4,2000.0,4,90.0
2506,Hennur Road,3,1590.0,3,105.0
2507,Hennur Road,3,2041.0,3,138.0
2508,Hennur Road,4,1880.0,4,154.0
2509,Hennur Road,2,1232.0,2,69.61
2510,Hennur Road,3,1748.0,3,103.0
2511,Hennur Road,2,1460.0,2,80.3
2512,Hennur Road,3,1570.0,3,75.99
2513,Hennur Road,3,1933.0,3,140.0
2514,Hennur Road,2,1030.0,2,46.5
2515,Hennur Road,2,1232.0,2,69.61
2516,Hennur Road,3,1450.0,3,79.0
2517,Hennur Road,3,1445.0,2,89.56
2518,Hennur Road,2,973.0,2,50.74
2519,Hennur Road,3,1482.0,2,83.73
2520,Hennur Road,3,1305.0,2,77.0
2521,Hennur Road,3,1672.0,3,86.0
2522,Hennur Road,2,1165.0,2,67.0
2523,Hennur Road,2,980.0,2,51.0
2524,Hennur Road,2,1232.0,2,80.0
2525,Hennur Road,2,1085.0,2,43.4
2526,Hennur Road,2,950.0,2,55.0
2527,Hennur Road,2,1140.0,2,56.0
2528,Hennur Road,3,1891.0,3,110.0
2529,Hennur Road,3,1735.0,3,78.0
2530,Hennur Road,3,1470.0,2,75.0
2531,Hennur Road,2,1165.0,2,52.0
2532,Hennur Road,2,1450.0,2,80.0
2533,Hennur Road,2,1155.0,2,69.18
2534,Hennur Road,3,1936.0,3,131.0
2535,Hoodi,2,985.0,2,67.0
2536,Hoodi,3,1715.0,2,95.0
2537,Hoodi,4,2118.0,4,111.0
2538,Hoodi,2,1425.0,2,80.0
2539,Hoodi,2,1420.0,2,75.0
2540,Hoodi,3,1639.0,3,110.0
2541,Hoodi,3,1606.0,3,89.55
2542,Hoodi,3,1639.0,3,98.32
2543,Hoodi,4,2090.0,4,95.1
2544,Hoodi,4,2863.0,4,140.0
2545,Hoodi,3,1512.0,3,75.77
2546,Hoodi,2,1026.0,2,60.87
2547,Hoodi,2,1050.0,2,50.0
2548,Hoodi,2,1400.0,2,78.0
2549,Hoodi,5,2400.0,5,160.0
2550,Hoodi,2,1196.0,2,71.74
2551,Hoodi,3,1553.0,3,83.09
2552,Hoodi,2,1500.0,2,84.0
2553,Hoodi,2,1055.0,2,57.63
2554,Hoodi,3,1925.0,2,114.0
2555,Hoodi,2,1400.0,2,82.0
2556,Hoodi,3,1746.0,3,84.95
2557,Hoodi,1,706.0,1,48.24
2558,Hoodi,2,1257.0,2,69.0
2559,Hoodi,2,1132.0,2,67.9
2560,Hoodi,3,1925.0,3,110.0
2561,Hoodi,3,1769.0,3,96.87
2562,Hoodi,2,1257.0,2,71.03
2563,Hoodi,2,1305.0,2,75.0
2564,Hoodi,3,1490.0,3,79.0
2565,Hoodi,2,1240.0,2,65.0
2566,Hoodi,3,1370.0,3,67.0
2567,Hoodi,2,1108.0,2,74.23
2568,Hoodi,2,1257.0,2,68.5
2569,Hoodi,2,1000.0,2,48.0
2570,Hoodi,2,1063.0,2,61.17
2571,Hoodi,2,1259.0,2,69.45
2572,Hoodi,1,711.0,1,42.65
2573,Hoodi,3,1559.0,3,81.55
2574,Hoodi,1,863.0,1,40.55
2575,Hoodi,3,1715.0,2,100.0
2576,Hoodi,3,1350.0,3,70.0
2577,Hoodi,2,1447.0,3,76.0
2578,Hoodi,3,2144.0,3,140.0
2579,Hoodi,2,1108.0,2,66.46
2580,Hoodi,3,1400.0,3,74.0
2581,Hoodi,3,1837.0,3,110.0
2582,Hoodi,4,3385.0,4,220.0
2583,Hoodi,3,1644.0,3,80.51
2584,Hoodi,2,1181.0,2,55.0
2585,Hoodi,3,1490.0,3,85.0
2586,Hoodi,2,1258.5,2,59.135
2587,Horamavu Agara,2,1200.0,2,45.0
2588,Horamavu Agara,3,1560.0,3,75.0
2589,Horamavu Agara,2,982.0,2,47.65
2590,Horamavu Agara,3,1650.0,2,75.0
2591,Horamavu Agara,2,950.0,2,39.0
2592,Horamavu Agara,2,1106.0,2,43.09
2593,Horamavu Agara,2,1079.0,2,41.0
2594,Horamavu Agara,2,1060.0,2,37.0
2595,Horamavu Agara,2,1107.83,2,41.51
2596,Horamavu Agara,2,980.0,2,38.19
2597,Horamavu Agara,2,1145.0,2,41.21
2598,Horamavu Agara,2,1000.0,2,46.0
2599,Horamavu Agara,2,1150.0,2,42.0
2600,Horamavu Agara,3,1364.0,2,50.0
2601,Horamavu Agara,1,625.0,1,27.0
2602,Horamavu Agara,2,1080.0,2,38.0
2603,Horamavu Agara,2,994.0,2,42.28
2604,Horamavu Agara,2,1107.83,2,41.51
2605,Horamavu Agara,3,1300.0,2,52.0
2606,Horamavu Agara,2,1090.0,2,46.0
2607,Horamavu Agara,3,1400.0,3,63.0
2608,Horamavu Agara,3,1557.0,3,70.0
2609,Horamavu Agara,2,1058.0,2,47.0
2610,Horamavu Banaswadi,3,1554.0,3,55.0
2611,Horamavu Banaswadi,3,1611.0,3,66.0
2612,Horamavu Banaswadi,2,1156.0,2,46.0
2613,Horamavu Banaswadi,2,1180.0,2,58.0
2614,Horamavu Banaswadi,2,1307.0,2,51.6
2615,Horamavu Banaswadi,6,3800.0,8,200.0
2616,Horamavu Banaswadi,2,1357.0,2,54.0
2617,Horamavu Banaswadi,2,925.0,2,38.0
2618,Horamavu Banaswadi,2,1272.0,2,48.0
2619,Horamavu Banaswadi,2,1225.0,2,49.5
2620,Horamavu Banaswadi,2,1272.0,2,51.5
2621,Horamavu Banaswadi,2,1272.0,2,51.5
2622,Horamavu Banaswadi,2,1156.0,2,46.9
2623,Horamavu Banaswadi,2,1200.0,2,45.0
2624,Horamavu Banaswadi,2,1254.0,2,47.0
2625,Horamavu Banaswadi,3,1610.0,3,68.0
2626,Horamavu Banaswadi,2,1210.0,2,50.0
2627,Horamavu Banaswadi,2,1357.0,2,54.0
2628,Horamavu Banaswadi,2,1272.0,2,50.0
2629,Horamavu Banaswadi,2,1200.0,2,45.0
2630,Horamavu Banaswadi,2,1025.0,2,45.0
2631,Horamavu Banaswadi,2,1081.0,2,52.0
2632,Horamavu Banaswadi,2,1000.0,2,50.0
2633,Hormavu,2,1500.0,2,78.0
2634,Hormavu,2,1150.0,2,55.0
2635,Hormavu,3,2100.0,3,73.0
2636,Hormavu,2,1180.0,2,50.0
2637,Hormavu,2,1200.0,2,67.0
2638,Hormavu,2,1200.0,3,70.0
2639,Hormavu,2,1175.0,2,52.0
2640,Hormavu,1,1351.0,2,53.0
2641,Hormavu,2,1141.0,2,44.4
2642,Hormavu,2,1130.0,2,42.3
2643,Hormavu,3,1500.0,3,70.0
2644,Hormavu,3,1725.0,3,85.0
2645,Hormavu,2,1153.0,2,65.0
2646,Hormavu,2,1150.0,2,53.11
2647,Hormavu,2,1123.0,2,56.0
2648,Hormavu,3,1385.0,2,69.0
2649,Hormavu,3,1617.5,3,73.595
2650,Hormavu,2,1030.0,2,49.35
2651,Hormavu,2,1018.0,2,50.8
2652,Hormavu,3,1555.0,3,75.0
2653,Hormavu,2,1143.0,2,53.0
2654,Hormavu,2,1000.0,2,50.0
2655,Hormavu,2,1200.0,2,68.0
2656,Hormavu,3,1553.0,2,58.23
2657,Hormavu,2,1200.0,2,68.0
2658,Hormavu,3,1420.0,3,58.0
2659,Hormavu,2,1081.5,2,38.665
2660,Hormavu,2,1250.0,2,60.0
2661,Hormavu,2,965.0,2,37.15
2662,Hormavu,1,583.0,1,28.275
2663,Hormavu,2,1129.0,2,44.0
2664,Hormavu,3,1385.0,2,69.25
2665,Hormavu,2,1065.0,2,50.92
2666,Hormavu,2,1046.0,2,60.0
2667,Hormavu,2,1400.0,2,75.0
2668,Hormavu,3,1365.0,2,65.0
2669,Hormavu,2,1196.0,2,44.8
2670,Hormavu,2,1263.0,2,47.36
2671,Hormavu,2,1015.0,2,39.08
2672,Hormavu,3,1550.0,2,60.0
2673,Hormavu,2,1200.0,2,73.0
2674,Hormavu,2,1250.0,2,65.0
2675,Hormavu,3,1604.0,3,68.0
2676,Hormavu,2,1075.0,2,53.7
2677,Hormavu,2,980.0,2,42.0
2678,Hormavu,2,1075.0,2,53.7
2679,Hormavu,4,2282.0,4,115.0
2680,Hormavu,2,1206.0,2,55.0
2681,Hormavu,2,1310.0,2,67.0
2682,Hormavu,2,1310.0,2,60.0
2683,Hormavu,2,1020.0,2,45.75
2684,Hormavu,2,1210.0,2,69.0
2685,Hosa Road,3,1652.0,3,85.0
2686,Hosa Road,3,1639.0,3,80.0
2687,Hosa Road,2,1161.0,2,55.15
2688,Hosa Road,3,1726.0,3,81.99
2689,Hosa Road,2,1161.0,2,55.15
2690,Hosa Road,2,1430.0,2,97.52
2691,Hosa Road,2,1365.0,2,92.0
2692,Hosa Road,2,1243.0,2,48.5
2693,Hosa Road,3,1541.0,3,69.84
2694,Hosa Road,3,1332.0,2,86.12
2695,Hosa Road,1,615.0,1,28.29
2696,Hosa Road,3,1318.0,2,85.28
2697,Hosa Road,3,1513.0,3,103.0
2698,Hosa Road,2,1133.0,2,52.0
2699,Hosa Road,2,1016.0,2,40.0
2700,Hosa Road,2,972.0,2,40.0
2701,Hosa Road,2,1161.0,2,55.15
2702,Hosa Road,3,1532.0,3,98.13
2703,Hosa Road,3,1680.0,3,101.0
2704,Hosa Road,2,880.0,2,50.0
2705,Hosa Road,3,1533.0,3,98.18
2706,Hosa Road,2,1040.0,2,68.59
2707,Hosa Road,2,1040.0,2,61.0
2708,Hosa Road,3,2500.0,3,100.0
2709,Hosa Road,2,1245.0,2,62.0
2710,Hosa Road,3,1311.0,2,84.86
2711,Hosa Road,3,1512.0,3,103.0
2712,Hosa Road,1,800.0,1,39.99
2713,Hosa Road,3,1726.0,3,81.99
2714,Hosa Road,2,1364.0,2,64.79
2715,Hosa Road,2,1016.0,2,45.0
2716,Hosa Road,3,1730.0,3,72.6
2717,Hosa Road,2,1360.0,2,77.61
2718,Hosa Road,2,1170.0,2,65.0
2719,Hosa Road,2,1161.0,2,55.15
2720,Hosa Road,3,1538.0,3,107.0
2721,Hosa Road,3,1470.0,2,84.22
2722,Hosa Road,3,1513.0,3,103.0
2723,Hosa Road,1,625.0,1,43.68
2724,Hosa Road,4,1708.0,3,64.05
2725,Hosa Road,2,1161.0,2,48.75
2726,Hosa Road,3,1893.0,3,130.0
2727,Hosa Road,3,1541.0,3,69.61
2728,Hosa Road,1,615.0,1,43.08
2729,Hosa Road,2,1016.0,2,39.95
2730,Hosakerehalli,3,2378.0,3,262.0
2731,Hosakerehalli,3,2376.0,3,203.0
2732,Hosakerehalli,4,3205.0,5,380.0
2733,Hosakerehalli,4,3024.0,5,248.0
2734,Hosakerehalli,4,3024.0,5,350.0
2735,Hosakerehalli,5,2400.0,5,250.0
2736,Hosakerehalli,3,1817.0,4,153.0
2737,Hosakerehalli,2,1304.0,2,100.0
2738,Hosakerehalli,3,2480.0,3,245.0
2739,Hosakerehalli,2,925.0,2,46.5
2740,Hosakerehalli,3,2480.0,4,260.0
2741,Hosakerehalli,3,1596.0,3,79.8
2742,Hosakerehalli,3,1200.0,2,100.0
2743,Hosakerehalli,4,3205.0,4,300.0
2744,Hosakerehalli,4,3033.0,4,326.0
2745,Hosakerehalli,3,2480.0,4,265.0
2746,Hosakerehalli,2,925.0,2,46.25
2747,Hosakerehalli,3,2376.0,3,240.0
2748,Hoskote,3,1250.0,3,50.0
2749,Hoskote,3,1225.0,3,40.0
2750,Hoskote,3,1740.0,3,60.0
2751,Hoskote,2,1170.0,2,45.0
2752,Hoskote,2,1095.0,2,33.6
2753,Hoskote,3,1695.0,3,50.0
2754,Hoskote,2,1065.0,2,31.5
2755,Hoskote,2,1065.0,2,28.5
2756,Hoskote,2,945.0,2,35.0
2757,Hoskote,2,1003.5,2,28.095
2758,Hoskote,2,1065.0,2,33.75
2759,Hosur Road,2,1656.0,2,120.0
2760,Hosur Road,2,1194.0,2,69.0
2761,Hosur Road,5,3300.0,5,240.0
2762,Hosur Road,3,1510.0,2,105.0
2763,Hosur Road,3,1427.0,2,80.63
2764,Hosur Road,3,1508.0,2,110.0
2765,Hosur Road,1,460.0,1,21.0
2766,Hosur Road,3,1733.0,2,85.0
2767,Hosur Road,2,1179.0,2,49.0
2768,Hosur Road,2,950.0,2,60.0
2769,Hosur Road,2,1194.0,2,71.64
2770,Hosur Road,3,1766.0,3,130.0
2771,Hosur Road,3,1689.0,3,103.0
2772,Hosur Road,5,3600.0,5,180.0
2773,Hosur Road,2,1170.0,2,48.0
2774,Hosur Road,2,1250.0,2,55.0
2775,Hosur Road,3,1689.0,3,103.0
2776,Hosur Road,4,3000.0,4,160.0
2777,Hosur Road,4,2000.0,4,130.0
2778,Hosur Road,2,1250.0,2,65.0
2779,Hosur Road,3,1689.0,3,103.0
2780,Hosur Road,3,1250.0,2,50.0
2781,Hosur Road,3,1685.0,3,90.0
2782,Hosur Road,2,1223.0,2,93.0
2783,Hosur Road,3,1464.0,3,56.0
2784,Hosur Road,3,1919.0,3,117.0
2785,Hulimavu,2,1125.0,2,50.0
2786,Hulimavu,2,1242.0,2,51.0
2787,Hulimavu,3,1650.0,3,78.0
2788,Hulimavu,3,1823.0,3,100.0
2789,Hulimavu,2,1300.0,2,36.0
2790,Hulimavu,2,1080.0,2,43.2
2791,Hulimavu,2,1100.0,2,71.5
2792,Hulimavu,3,1758.0,3,65.0
2793,Hulimavu,1,688.0,1,50.0
2794,Hulimavu,2,1255.0,2,73.0
2795,Hulimavu,2,1058.0,2,48.0
2796,Hulimavu,2,1375.0,2,80.0
2797,Hulimavu,2,1248.0,2,69.0
2798,Hulimavu,3,1818.0,3,135.0
2799,Hulimavu,2,1225.0,2,55.0
2800,Hulimavu,2,1255.0,2,74.0
2801,Hulimavu,2,1175.0,2,45.0
2802,Hulimavu,2,1255.0,2,69.0
2803,Hulimavu,2,1255.0,2,66.0
2804,Hulimavu,3,3035.0,5,271.0
2805,Hulimavu,3,3035.0,5,220.0
2806,Hulimavu,2,1127.0,2,65.0
2807,Hulimavu,2,1200.0,2,50.0
2808,Hulimavu,3,1450.0,3,72.0
2809,Hulimavu,2,1200.0,2,75.0
2810,Hulimavu,2,1276.0,2,46.0
2811,Hulimavu,3,1430.0,2,90.0
2812,Hulimavu,2,850.0,1,39.5
2813,Hulimavu,2,1000.0,2,45.0
2814,Hulimavu,3,1320.0,2,59.0
2815,Hulimavu,4,2000.0,4,100.0
2816,Hulimavu,4,3560.0,5,318.0
2817,Hulimavu,2,1011.0,2,38.0
2818,Hulimavu,2,1276.0,2,76.0
2819,Hulimavu,2,1500.0,2,90.0
2820,Hulimavu,2,1315.0,2,60.48
2821,Hulimavu,2,1021.0,2,76.0
2822,Hulimavu,1,581.0,1,29.0
2823,Hulimavu,2,935.0,2,45.0
2824,Hulimavu,2,1050.0,2,125.0
2825,Hulimavu,3,1320.0,2,65.0
2826,Hulimavu,3,1260.0,2,82.0
2827,Hulimavu,1,450.0,1,20.0
2828,Hulimavu,2,1231.0,2,84.5
2829,Hulimavu,3,1916.0,2,150.0
2830,Hulimavu,2,1115.0,2,44.6
2831,Iblur Village,3,3235.0,3,235.0
2832,Iblur Village,4,3596.0,5,290.0
2833,Iblur Village,3,1920.0,3,130.0
2834,Iblur Village,3,1995.0,3,135.0
2835,Iblur Village,4,3596.0,5,282.0
2836,Iblur Village,3,1918.0,3,129.0
2837,Iblur Village,4,3596.0,5,252.0
2838,Iblur Village,3,2100.0,4,145.0
2839,Iblur Village,3,1920.0,3,150.0
2840,Iblur Village,3,1920.0,3,130.0
2841,Iblur Village,3,1920.0,3,150.0
2842,Iblur Village,3,2000.0,4,138.0
2843,Iblur Village,4,3596.0,5,260.0
2844,Iblur Village,4,3596.0,5,279.0
2845,Iblur Village,3,2666.0,4,200.0
2846,Iblur Village,5,5384.0,5,420.0
2847,Iblur Village,4,3596.0,5,297.0
2848,Iblur Village,5,5515.0,6,425.0
2849,Iblur Village,3,1920.0,3,130.0
2850,Iblur Village,4,3596.0,4,268.0
2851,Iblur Village,4,3596.0,5,251.0
2852,Indira Nagar,4,2200.0,4,200.0
2853,Indira Nagar,2,1200.0,2,93.0
2854,Indira Nagar,2,1128.0,2,105.0
2855,Indira Nagar,3,2800.0,3,330.0
2856,Indira Nagar,3,1650.0,3,200.0
2857,Indira Nagar,3,1875.0,3,180.0
2858,Indira Nagar,2,1210.0,2,102.0
2859,Indira Nagar,2,1224.0,2,105.0
2860,Indira Nagar,3,2070.0,3,225.0
2861,Indira Nagar,1,500.0,1,70.0
2862,Indira Nagar,2,1400.0,2,168.0
2863,Indira Nagar,4,2400.0,4,525.0
2864,Indira Nagar,3,1407.0,3,120.0
2865,Indira Nagar,2,1145.0,2,100.0
2866,Indira Nagar,2,1470.0,2,170.0
2867,Indira Nagar,3,2700.0,3,324.0
2868,Indira Nagar,1,850.0,1,57.0
2869,Indira Nagar,8,3250.0,8,600.0
2870,Indira Nagar,3,2601.0,4,312.0
2871,Indira Nagar,2,1260.0,2,100.0
2872,Indira Nagar,3,1740.0,3,191.0
2873,Indira Nagar,3,1650.0,3,220.0
2874,Indira Nagar,3,1700.0,3,150.0
2875,Indira Nagar,4,3200.0,3,250.0
2876,Indira Nagar,3,1440.0,3,275.0
2877,Indira Nagar,2,1475.0,2,171.0
2878,Indira Nagar,4,3200.0,4,440.0
2879,Indira Nagar,4,4000.0,4,700.0
2880,Indira Nagar,1,850.0,1,60.0
2881,Indira Nagar,4,2400.0,4,405.0
2882,Indira Nagar,3,1500.0,3,120.0
2883,Indira Nagar,3,2200.0,3,160.0
2884,Indira Nagar,3,1650.0,3,200.0
2885,Indira Nagar,4,2800.0,4,365.0
2886,Indira Nagar,2,1260.0,2,120.0
2887,Indira Nagar,2,1149.0,2,130.0
2888,Indira Nagar,3,1650.0,3,150.0
2889,Indira Nagar,6,2400.0,6,475.0
2890,JP Nagar,3,1850.0,3,150.0
2891,JP Nagar,5,5520.0,2,375.0
2892,JP Nagar,2,1100.0,2,70.0
2893,JP Nagar,2,940.0,2,49.0
2894,JP Nagar,3,2500.0,3,135.0
2895,JP Nagar,4,4624.5,4,314.5
2896,JP Nagar,2,1078.0,2,45.0
2897,JP Nagar,1,1050.0,1,44.0
2898,JP Nagar,2,1352.5,2,93.865
2899,JP Nagar,2,1200.0,2,62.0
2900,JP Nagar,2,1300.0,2,90.87
2901,JP Nagar,3,1315.0,2,85.4
2902,JP Nagar,3,1690.0,3,112.0
2903,JP Nagar,4,3000.0,4,140.0
2904,JP Nagar,4,3000.0,4,140.0
2905,JP Nagar,2,1300.0,2,109.0
2906,JP Nagar,3,3300.0,4,160.0
2907,JP Nagar,1,750.0,1,52.5
2908,JP Nagar,2,1200.0,2,78.0
2909,JP Nagar,3,1850.0,2,110.0
2910,JP Nagar,2,1100.0,2,45.0
2911,JP Nagar,2,1197.0,2,47.88
2912,JP Nagar,3,1500.0,2,82.0
2913,JP Nagar,3,1276.0,3,69.34
2914,JP Nagar,2,820.0,2,45.0
2915,JP Nagar,3,1750.0,3,123.0
2916,JP Nagar,3,2195.0,2,152.0
2917,JP Nagar,3,3496.5,2,237.5
2918,JP Nagar,3,1600.0,3,83.0
2919,JP Nagar,4,3000.0,3,150.0
2920,JP Nagar,3,2050.0,3,82.0
2921,JP Nagar,1,745.0,1,34.27
2922,JP Nagar,2,1150.0,2,90.0
2923,JP Nagar,3,1450.0,2,55.0
2924,JP Nagar,3,1960.0,3,138.0
2925,JP Nagar,3,1590.0,2,85.0
2926,JP Nagar,2,1250.0,2,60.0
2927,JP Nagar,3,2400.0,3,196.0
2928,JP Nagar,2,1300.0,2,91.65
2929,JP Nagar,2,1107.0,2,57.0
2930,JP Nagar,2,1250.0,2,93.0
2931,JP Nagar,3,1500.0,2,108.0
2932,JP Nagar,3,1520.0,3,125.0
2933,JP Nagar,2,1405.0,2,99.0
2934,JP Nagar,2,1157.0,2,73.0
2935,JP Nagar,3,1500.0,2,82.0
2936,JP Nagar,2,1048.0,2,44.0
2937,Jakkur,2,1417.0,2,75.0
2938,Jakkur,3,1590.0,2,125.0
2939,Jakkur,2,1279.0,2,77.0
2940,Jakkur,3,1710.0,3,107.0
2941,Jakkur,3,1396.0,2,86.51
2942,Jakkur,4,3467.86,6,249.0
2943,Jakkur,3,1865.0,3,124.0
2944,Jakkur,4,3181.0,2,260.5
2945,Jakkur,3,1760.0,3,139.0
2946,Jakkur,2,1290.0,2,100.0
2947,Jakkur,2,1452.19,2,100.0
2948,Jakkur,3,1798.0,3,120.0
2949,Jakkur,2,1300.0,2,85.0
2950,Jakkur,4,3181.0,4,260.5
2951,Jakkur,3,1950.0,3,131.0
2952,Jakkur,3,1858.0,3,98.3
2953,Jakkur,2,1230.0,2,76.0
2954,Jakkur,3,1374.0,3,68.0
2955,Jakkur,2,1290.0,2,80.0
2956,Jakkur,3,1760.0,3,110.0
2957,Jakkur,4,2283.0,4,130.0
2958,Jakkur,2,1483.0,2,98.0
2959,Jakkur,3,1482.0,3,86.0
2960,Jakkur,3,1645.0,3,100.0
2961,Jakkur,3,1650.0,3,111.0
2962,Jakkur,3,1622.0,2,80.0
2963,Jakkur,3,2423.0,4,160.0
2964,Jakkur,3,2197.0,3,136.0
2965,Jakkur,2,1125.0,2,65.0
2966,Jakkur,2,1230.0,2,79.0
2967,Jakkur,2,1202.0,2,79.0
2968,Jakkur,3,1858.0,3,123.0
2969,Jakkur,4,3181.0,2,229.0
2970,Jakkur,3,1745.0,2,98.485
2971,Jakkur,3,1798.0,3,110.0
2972,Jakkur,3,1785.0,3,130.0
2973,Jakkur,2,1080.0,2,60.0
2974,Jakkur,2,1260.0,2,71.195
2975,Jakkur,3,1816.0,3,119.0
2976,Jakkur,2,1424.0,2,80.0
2977,Jakkur,2,1290.0,2,85.0
2978,Jakkur,2,1300.0,2,80.0
2979,Jakkur,2,1290.0,2,80.04
2980,Jakkur,2,1282.0,2,72.0
2981,Jakkur,3,1880.0,4,110.0
2982,Jakkur,3,1660.0,3,104.0
2983,Jakkur,2,1291.0,2,75.0
2984,Jakkur,2,1473.0,2,85.0
2985,Jakkur,3,1660.0,3,104.0
2986,Jakkur,3,1950.0,3,131.0
2987,Jakkur,2,1432.0,2,85.0
2988,Jakkur,3,1710.0,3,110.0
2989,Jalahalli,3,1400.0,3,77.0
2990,Jalahalli,3,2250.0,3,160.0
2991,Jalahalli,2,1694.0,2,125.0
2992,Jalahalli,3,1870.0,3,110.0
2993,Jalahalli,2,1400.0,1,80.0
2994,Jalahalli,2,1045.0,2,76.77
2995,Jalahalli,3,1615.0,3,89.75
2996,Jalahalli,3,2113.0,3,155.0
2997,Jalahalli,3,1932.0,4,135.0
2998,Jalahalli,2,1045.0,2,58.0
2999,Jalahalli,2,1020.0,2,52.0
3000,Jalahalli,3,2384.0,4,165.0
3001,Jalahalli,3,1395.0,3,82.0
3002,Jalahalli,3,1770.0,3,100.0
3003,Jalahalli,3,1569.0,3,118.0
3004,Jalahalli,1,600.0,1,37.0
3005,Jalahalli,1,615.0,1,46.0
3006,Jalahalli,3,2404.0,3,138.0
3007,Jalahalli,2,905.0,2,55.0
3008,Jalahalli,2,1000.0,2,70.0
3009,Jalahalli,1,615.0,1,46.0
3010,Jalahalli,3,1704.0,3,94.36
3011,Jalahalli,3,1470.0,2,102.0
3012,Jalahalli,2,1244.0,2,88.0
3013,Jalahalli,2,1407.0,2,98.49
3014,Jalahalli,1,1200.0,2,66.0
3015,Jalahalli,3,1530.0,2,89.0
3016,Jalahalli,2,1045.0,2,76.77
3017,Jalahalli,3,1575.0,4,100.0
3018,Jalahalli,3,2086.0,3,160.0
3019,Jalahalli,2,1313.0,2,68.0
3020,Jalahalli,3,1881.0,3,115.0
3021,Jalahalli,3,1405.0,2,85.0
3022,Jigani,3,1252.0,3,55.0
3023,Jigani,2,918.0,2,52.0
3024,Jigani,2,918.0,2,48.0
3025,Jigani,3,1230.0,3,54.0
3026,Jigani,2,914.0,2,47.0
3027,Jigani,2,927.0,2,55.0
3028,Jigani,2,920.0,2,46.0
3029,Jigani,3,2400.0,4,130.0
3030,Jigani,2,918.0,2,45.0
3031,Jigani,2,933.0,2,43.0
3032,Jigani,2,918.0,2,55.0
3033,Jigani,3,2400.0,3,149.0
3034,Jigani,4,4303.5,2,226.0
3035,Jigani,2,937.0,2,44.0
3036,Jigani,3,1252.0,3,61.0
3037,Jigani,2,923.0,2,50.0
3038,Jigani,3,1250.0,3,58.0
3039,Jigani,3,1252.0,3,63.0
3040,Jigani,3,1221.0,3,72.0
3041,Jigani,2,918.0,2,49.0
3042,Jigani,3,1221.0,3,52.0
3043,Jigani,2,914.0,2,49.0
3044,Jigani,2,918.0,2,50.0
3045,Jigani,3,1200.0,3,65.0
3046,Jigani,2,914.0,2,55.0
3047,Jigani,3,1352.0,3,65.0
3048,Jigani,3,1230.0,3,60.0
3049,Jigani,3,1221.0,3,65.0
3050,Jigani,3,1221.0,3,75.0
3051,Jigani,3,1252.0,3,70.0
3052,Jigani,3,1221.0,3,65.0
3053,Jigani,3,1252.0,3,59.0
3054,Jigani,2,939.0,2,39.0
3055,Jigani,3,1221.0,3,70.0
3056,Jigani,3,1300.0,3,55.0
3057,Jigani,3,1231.0,3,58.0
3058,Jigani,2,943.0,2,48.0
3059,Jigani,2,918.0,2,56.0
3060,Jigani,3,1245.0,3,66.0
3061,Jigani,3,1221.0,3,65.0
3062,Jigani,2,943.0,2,49.5
3063,KR Puram,2,1277.5,2,56.8
3064,KR Puram,2,930.0,2,39.0
3065,KR Puram,2,1155.0,2,42.74
3066,KR Puram,2,1225.0,2,46.55
3067,KR Puram,2,1100.0,2,47.0
3068,KR Puram,2,1200.0,2,71.0
3069,KR Puram,3,1455.0,3,46.0
3070,KR Puram,2,1015.0,2,43.0
3071,KR Puram,2,1470.0,2,86.0
3072,KR Puram,1,714.0,1,28.0
3073,KR Puram,2,1142.0,2,51.0
3074,KR Puram,2,1115.0,2,33.45
3075,KR Puram,2,1021.0,2,48.0
3076,KR Puram,3,1559.0,3,69.315
3077,KR Puram,2,1035.0,2,40.5
3078,KR Puram,2,1550.0,2,71.0
3079,KR Puram,2,1192.5,2,51.22
3080,KR Puram,2,1100.0,2,46.0
3081,KR Puram,2,1290.0,2,49.02
3082,KR Puram,2,1100.0,2,43.0
3083,KR Puram,2,950.0,2,40.0
3084,KR Puram,2,1156.0,2,72.0
3085,KR Puram,2,1000.0,2,60.0
3086,KR Puram,3,1930.0,2,57.9
3087,KR Puram,3,1452.0,3,60.0
3088,KR Puram,2,1001.0,2,30.0
3089,KR Puram,3,1462.5,2,62.81
3090,KR Puram,2,1000.0,2,44.5
3091,KR Puram,2,1200.0,2,47.0
3092,KR Puram,2,1200.0,1,65.0
3093,KR Puram,3,1583.0,2,70.445
3094,KR Puram,2,1076.0,2,67.0
3095,KR Puram,2,1140.0,2,43.32
3096,KR Puram,6,4300.0,6,175.0
3097,KR Puram,2,1200.0,2,42.0
3098,KR Puram,3,1430.0,2,61.0
3099,KR Puram,2,1040.0,2,50.0
3100,KR Puram,2,1120.0,2,36.0
3101,KR Puram,2,1150.0,2,42.0
3102,KR Puram,9,4600.0,9,200.0
3103,KR Puram,2,1050.0,2,55.0
3104,KR Puram,2,1057.0,2,30.0
3105,KR Puram,2,1085.0,2,46.5
3106,KR Puram,3,1700.0,3,105.0
3107,KR Puram,2,1200.0,2,72.0
3108,KR Puram,4,3628.0,4,246.0
3109,KR Puram,2,2000.0,2,75.0
3110,KR Puram,2,1100.0,2,45.0
3111,KR Puram,2,1035.0,2,40.0
3112,KR Puram,2,1116.0,2,45.0
3113,KR Puram,2,1290.0,2,69.0
3114,KR Puram,3,1300.0,2,57.0
3115,KR Puram,2,866.28,2,36.38
3116,KR Puram,2,1096.0,2,43.0
3117,KR Puram,2,1204.0,2,58.0
3118,KR Puram,1,700.0,1,21.5
3119,KR Puram,2,1205.0,2,45.79
3120,KR Puram,3,1827.0,3,97.0
3121,KR Puram,2,1075.0,2,32.25
3122,KR Puram,3,1400.0,2,60.0
3123,KR Puram,2,1100.0,2,39.9
3124,KR Puram,4,2283.0,2,121.0
3125,KR Puram,7,2800.0,6,110.0
3126,KR Puram,2,1020.0,2,39.0
3127,KR Puram,2,1200.0,2,75.0
3128,KR Puram,2,1245.0,2,60.0
3129,Kadugodi,3,1260.0,2,54.0
3130,Kadugodi,3,1762.0,3,91.45
3131,Kadugodi,2,1198.0,2,58.0
3132,Kadugodi,3,1580.0,2,65.0
3133,Kadugodi,3,1890.0,4,127.0
3134,Kadugodi,4,3750.0,4,210.0
3135,Kadugodi,3,1762.0,3,110.0
3136,Kadugodi,3,1900.0,3,108.0
3137,Kadugodi,2,1314.0,2,68.2
3138,Kadugodi,3,1645.0,2,82.0
3139,Kadugodi,2,1100.0,2,45.0
3140,Kadugodi,3,1711.0,3,75.0
3141,Kadugodi,2,1314.0,2,78.0
3142,Kadugodi,3,1762.0,3,112.0
3143,Kadugodi,2,1314.0,2,83.0
3144,Kadugodi,1,925.0,1,40.7
3145,Kadugodi,3,1351.0,2,78.0
3146,Kadugodi,2,1010.0,2,50.0
3147,Kadugodi,3,1890.0,4,125.0
3148,Kadugodi,2,1152.0,2,61.0
3149,Kadugodi,2,1394.0,2,56.0
3150,Kadugodi,3,1762.0,3,112.0
3151,Kadugodi,3,1890.0,4,125.0
3152,Kadugodi,3,1430.0,2,55.0
3153,Kadugodi,4,3000.0,4,134.0
3154,Kadugodi,3,1614.0,2,59.0
3155,Kadugodi,2,1088.0,2,44.0
3156,Kadugodi,3,1875.0,2,110.0
3157,Kadugodi,2,1150.0,2,42.0
3158,Kadugodi,3,1762.0,3,109.0
3159,Kadugodi,2,1314.0,2,80.0
3160,Kadugodi,2,1196.0,2,60.0
3161,Kaggadasapura,3,1280.0,2,56.0
3162,Kaggadasapura,2,1275.0,2,52.0
3163,Kaggadasapura,4,2150.0,4,100.0
3164,Kaggadasapura,2,1150.0,2,42.0
3165,Kaggadasapura,2,1110.0,2,53.0
3166,Kaggadasapura,2,1060.0,2,48.0
3167,Kaggadasapura,3,1350.0,3,55.5
3168,Kaggadasapura,2,1063.0,2,42.0
3169,Kaggadasapura,3,1470.0,2,75.0
3170,Kaggadasapura,3,1615.0,3,58.0
3171,Kaggadasapura,2,1050.0,2,48.0
3172,Kaggadasapura,2,1132.0,2,42.0
3173,Kaggadasapura,2,1100.0,2,58.0
3174,Kaggadasapura,2,1325.0,2,50.0
3175,Kaggadasapura,2,1200.0,2,53.0
3176,Kaggadasapura,2,1035.0,2,45.5
3177,Kaggadasapura,2,1180.0,1,50.0
3178,Kaggadasapura,2,1140.0,2,46.0
3179,Kaggadasapura,3,1340.0,3,66.0
3180,Kaggadasapura,3,1256.0,2,50.0
3181,Kaggadasapura,3,1500.0,3,75.0
3182,Kaggadasapura,2,1215.0,2,43.0
3183,Kaggadasapura,2,1225.0,2,48.0
3184,Kaggadasapura,3,1805.0,2,75.0
3185,Kaggadasapura,3,1540.0,3,75.0
3186,Kaggadasapura,2,1240.0,2,45.0
3187,Kaggadasapura,3,1560.0,2,72.0
3188,Kaggadasapura,2,1240.0,2,58.58
3189,Kaggadasapura,2,1000.0,2,43.0
3190,Kaggadasapura,2,1225.0,2,48.0
3191,Kaggadasapura,3,2500.0,5,120.0
3192,Kaggadasapura,2,960.0,2,45.0
3193,Kaggadasapura,3,1250.0,2,47.0
3194,Kaggadasapura,3,1455.0,3,75.0
3195,Kaggadasapura,2,1045.0,2,55.0
3196,Kaggadasapura,3,1495.0,3,60.0
3197,Kaggadasapura,3,1654.0,3,70.0
3198,Kaggadasapura,4,2150.0,4,90.0
3199,Kaggadasapura,2,1106.0,2,40.0
3200,Kaggadasapura,3,1485.0,2,70.0
3201,Kaggadasapura,2,1175.0,2,50.0
3202,Kaggadasapura,4,3000.0,4,130.0
3203,Kaggadasapura,3,1500.0,2,60.0
3204,Kaggadasapura,2,1105.0,2,39.5
3205,Kaggadasapura,3,1500.0,2,75.0
3206,Kaggadasapura,3,1400.0,2,68.0
3207,Kaggadasapura,2,1150.0,2,45.0
3208,Kalena Agrahara,2,1200.0,2,50.0
3209,Kalena Agrahara,3,1804.0,3,120.0
3210,Kalena Agrahara,3,1425.0,2,70.0
3211,Kalena Agrahara,2,1325.0,2,76.0
3212,Kalena Agrahara,3,1450.0,2,85.0
3213,Kalena Agrahara,3,1765.0,3,125.0
3214,Kalena Agrahara,2,980.0,2,40.0
3215,Kalena Agrahara,2,1187.0,2,52.0
3216,Kalena Agrahara,2,800.0,2,30.0
3217,Kalena Agrahara,3,1565.0,3,78.0
3218,Kalena Agrahara,1,610.0,1,39.0
3219,Kalena Agrahara,2,1040.0,2,45.0
3220,Kalena Agrahara,3,1450.0,3,100.0
3221,Kalena Agrahara,2,1200.0,2,45.0
3222,Kalena Agrahara,3,1902.0,3,89.0
3223,Kalena Agrahara,2,800.0,2,40.0
3224,Kalena Agrahara,2,1222.0,2,48.0
3225,Kalena Agrahara,2,900.0,2,40.0
3226,Kalena Agrahara,3,1837.0,2,95.0
3227,Kalena Agrahara,3,1510.0,3,78.0
3228,Kalena Agrahara,2,1354.0,2,70.0
3229,Kalena Agrahara,2,1200.0,3,70.0
3230,Kalena Agrahara,2,1354.0,2,71.0
3231,Kambipura,2,883.0,2,45.0
3232,Kambipura,2,883.0,2,45.0
3233,Kambipura,2,883.0,2,39.0
3234,Kambipura,2,883.0,2,45.0
3235,Kambipura,2,883.0,2,39.0
3236,Kambipura,2,883.0,2,37.0
3237,Kambipura,2,883.0,2,44.0
3238,Kambipura,2,883.0,2,37.0
3239,Kambipura,2,883.0,2,39.0
3240,Kambipura,2,883.0,2,37.01
3241,Kambipura,2,883.0,2,39.0
3242,Kambipura,2,883.0,2,45.0
3243,Kambipura,2,883.0,2,39.0
3244,Kammasandra,3,1595.0,3,65.0
3245,Kammasandra,2,810.0,2,24.5
3246,Kammasandra,1,657.5,1,18.41
3247,Kammasandra,2,1156.0,2,32.0
3248,Kammasandra,2,870.0,2,24.0
3249,Kammasandra,2,1018.0,2,23.45
3250,Kammasandra,2,990.0,2,31.5
3251,Kammasandra,3,1385.0,2,34.63
3252,Kammasandra,2,930.0,2,25.0
3253,Kammasandra,2,992.0,2,25.79
3254,Kammasandra,2,1030.0,1,25.75
3255,Kammasandra,3,1365.0,2,34.13
3256,Kammasandra,2,1015.0,2,37.0
3257,Kammasandra,3,1276.0,2,31.9
3258,Kammasandra,2,1080.0,2,31.99
3259,Kammasandra,2,1415.0,2,60.0
3260,Kammasandra,2,1057.0,2,35.0
3261,Kammasandra,2,982.0,2,25.53
3262,Kammasandra,3,1500.0,3,65.0
3263,Kammasandra,2,985.0,2,40.5
3264,Kammasandra,2,940.0,2,35.0
3265,Kammasandra,3,1616.0,3,40.0
3266,Kammasandra,1,610.0,1,18.5
3267,Kanakapura,3,1419.0,3,75.0
3268,Kanakapura,1,711.0,1,36.0
3269,Kanakapura,1,711.0,1,38.0
3270,Kanakapura,2,929.0,2,46.0
3271,Kanakapura,1,551.0,1,30.0
3272,Kanakapura,2,1020.0,2,42.83
3273,Kanakapura,3,1699.0,3,97.0
3274,Kanakapura,2,1130.0,2,45.2
3275,Kanakapura,3,1476.0,3,75.0
3276,Kanakapura,2,1295.0,2,64.0
3277,Kanakapura,2,1160.0,2,46.39
3278,Kanakapura,2,1277.0,2,55.0
3279,Kanakapura,2,1151.0,2,59.0
3280,Kanakapura,2,945.0,2,47.0
3281,Kanakapura,3,1254.0,2,70.0
3282,Kanakapura,3,2200.0,3,121.0
3283,Kanakapura,2,1340.0,2,65.0
3284,Kanakapura,3,1560.0,2,62.38
3285,Kanakapura,3,1450.0,3,75.0
3286,Kanakapura,2,1130.0,2,45.2
3287,Kanakapura,2,1283.0,2,68.0
3288,Kanakapura,4,2130.0,4,120.0
3289,Kanakapura,3,1290.0,2,51.1
3290,Kanakapura,1,938.0,1,50.0
3291,Kanakapura,1,825.0,1,35.475
3292,Kanakapura,3,1489.0,2,70.0
3293,Kanakapura,3,1477.0,2,69.5
3294,Kanakpura Road,3,1665.0,3,88.0
3295,Kanakpura Road,2,950.0,2,57.0
3296,Kanakpura Road,4,2250.0,4,110.0
3297,Kanakpura Road,2,1017.0,2,51.25
3298,Kanakpura Road,1,525.0,1,26.0
3299,Kanakpura Road,3,1550.0,3,67.0
3300,Kanakpura Road,1,525.0,2,21.53
3301,Kanakpura Road,2,950.0,2,40.0
3302,Kanakpura Road,3,1550.0,3,64.5
3303,Kanakpura Road,1,525.0,1,27.25
3304,Kanakpura Road,1,525.0,1,30.0
3305,Kanakpura Road,2,1180.0,2,57.0
3306,Kanakpura Road,2,1339.0,2,75.0
3307,Kanakpura Road,1,525.0,1,26.0
3308,Kanakpura Road,3,1843.0,3,95.84
3309,Kanakpura Road,2,1290.0,2,74.0
3310,Kanakpura Road,2,1500.0,2,69.0
3311,Kanakpura Road,3,1665.0,3,86.58
3312,Kanakpura Road,3,1558.67,2,65.0
3313,Kanakpura Road,3,1542.0,2,85.0
3314,Kanakpura Road,3,1300.0,2,69.0
3315,Kanakpura Road,2,900.0,2,46.0
3316,Kanakpura Road,2,900.0,1,45.0
3317,Kanakpura Road,3,1843.0,3,92.15
3318,Kanakpura Road,2,900.0,2,46.0
3319,Kanakpura Road,2,900.0,2,46.0
3320,Kanakpura Road,2,1495.0,2,90.0
3321,Kanakpura Road,3,1699.0,3,81.94
3322,Kanakpura Road,3,1570.0,3,64.5
3323,Kanakpura Road,3,1560.0,3,92.0
3324,Kanakpura Road,2,1135.0,2,58.0
3325,Kanakpura Road,4,3500.0,6,225.0
3326,Kanakpura Road,3,1420.0,2,75.0
3327,Kanakpura Road,2,900.0,2,41.0
3328,Kanakpura Road,1,825.0,1,36.29
3329,Kanakpura Road,2,983.0,2,50.6
3330,Kanakpura Road,3,1480.0,2,64.23
3331,Kanakpura Road,3,1660.0,3,75.0
3332,Kanakpura Road,3,1450.0,3,60.91
3333,Kanakpura Road,3,1843.0,3,95.84
3334,Kanakpura Road,3,1500.0,3,97.0
3335,Kanakpura Road,2,1366.0,3,76.85
3336,Kanakpura Road,3,1419.59,2,59.0
3337,Kanakpura Road,1,525.0,1,25.0
3338,Kanakpura Road,3,2265.0,3,136.0
3339,Kanakpura Road,2,1252.0,2,56.32
3340,Kanakpura Road,3,1530.0,2,66.4
3341,Kanakpura Road,2,1339.0,2,62.0
3342,Kanakpura Road,2,1470.0,2,61.74
3343,Kanakpura Road,3,2200.0,3,130.0
3344,Kanakpura Road,1,525.0,1,30.0
3345,Kanakpura Road,2,1090.0,2,54.54
3346,Kanakpura Road,2,1051.0,2,56.74
3347,Kanakpura Road,1,525.0,1,30.0
3348,Kanakpura Road,2,1339.0,2,58.0
3349,Kanakpura Road,2,1299.0,2,85.0
3350,Kanakpura Road,2,950.0,2,45.0
3351,Kanakpura Road,3,1570.0,3,64.5
3352,Kanakpura Road,3,1452.0,3,60.98
3353,Kanakpura Road,3,1300.0,3,69.0
3354,Kanakpura Road,1,458.0,1,19.695
3355,Kanakpura Road,3,1700.0,3,88.0
3356,Kanakpura Road,3,1482.0,3,60.98
3357,Kanakpura Road,3,1570.0,3,64.5
3358,Kanakpura Road,4,2775.0,3,165.0
3359,Kanakpura Road,3,1900.0,3,99.0
3360,Kanakpura Road,2,1290.0,2,80.0
3361,Kanakpura Road,2,900.0,2,41.0
3362,Kanakpura Road,2,1225.0,2,60.0
3363,Kanakpura Road,3,1868.0,3,113.0
3364,Kanakpura Road,2,1339.0,2,62.0
3365,Kanakpura Road,2,1366.0,2,83.0
3366,Kanakpura Road,3,1800.0,3,90.0
3367,Kanakpura Road,2,1339.0,2,71.5
3368,Kanakpura Road,2,1339.0,2,58.0
3369,Kanakpura Road,1,670.0,1,35.0
3370,Kanakpura Road,2,1340.0,2,60.0
3371,Kanakpura Road,3,1260.0,3,63.58
3372,Kanakpura Road,2,1155.0,2,55.5
3373,Kanakpura Road,2,900.0,2,41.0
3374,Kanakpura Road,2,1309.0,2,64.39
3375,Kanakpura Road,1,525.0,1,30.0
3376,Kanakpura Road,3,1843.0,3,82.0
3377,Kanakpura Road,3,1550.0,3,65.11
3378,Kanakpura Road,3,1498.0,3,95.0
3379,Kanakpura Road,1,525.0,2,27.0
3380,Kanakpura Road,3,1665.0,3,86.91
3381,Kanakpura Road,3,1665.0,3,86.58
3382,Kanakpura Road,1,712.0,1,38.44
3383,Kanakpura Road,3,1450.0,3,62.4
3384,Kanakpura Road,3,1843.0,3,85.0
3385,Kanakpura Road,2,1628.0,2,68.0
3386,Kanakpura Road,3,1507.0,2,95.0
3387,Kanakpura Road,3,1550.0,3,63.5
3388,Kanakpura Road,3,1737.0,3,85.0
3389,Kanakpura Road,2,1339.0,2,85.0
3390,Kanakpura Road,3,1900.0,3,125.0
3391,Kanakpura Road,1,525.0,1,27.0
3392,Kanakpura Road,1,525.0,1,27.5
3393,Kanakpura Road,2,1155.0,2,50.125
3394,Kanakpura Road,1,525.0,1,26.25
3395,Kanakpura Road,3,1452.0,3,60.98
3396,Kanakpura Road,1,525.0,1,26.0
3397,Kanakpura Road,3,1600.0,3,90.0
3398,Kanakpura Road,1,525.0,2,29.25
3399,Kanakpura Road,2,1283.0,2,63.22
3400,Kanakpura Road,2,800.0,2,41.145
3401,Kanakpura Road,3,1843.0,3,88.0
3402,Kanakpura Road,3,1550.0,3,65.1
3403,Kanakpura Road,3,1843.0,3,96.2
3404,Kanakpura Road,3,1550.0,3,64.7
3405,Kanakpura Road,3,1500.0,3,72.99
3406,Kanakpura Road,3,1450.0,2,62.93
3407,Kanakpura Road,2,1240.0,2,65.0
3408,Kanakpura Road,3,1420.0,3,68.0
3409,Kanakpura Road,3,1498.0,3,74.9
3410,Kanakpura Road,3,1300.0,2,55.0
3411,Kanakpura Road,3,1570.0,3,65.93
3412,Kanakpura Road,3,1450.0,3,65.0
3413,Kanakpura Road,2,1135.0,2,56.74
3414,Kanakpura Road,2,1140.0,2,65.0
3415,Kanakpura Road,3,1452.0,3,60.0
3416,Kanakpura Road,3,1450.0,2,70.18
3417,Kanakpura Road,1,525.0,1,26.01
3418,Kanakpura Road,3,1843.0,3,85.0
3419,Kanakpura Road,3,1938.0,3,92.69
3420,Kanakpura Road,3,1530.0,2,70.99
3421,Kanakpura Road,2,1322.0,2,70.0
3422,Kanakpura Road,2,1698.0,2,105.0
3423,Kanakpura Road,3,1300.0,3,69.0
3424,Kanakpura Road,3,1300.0,3,69.0
3425,Kanakpura Road,2,1167.0,2,63.0
3426,Kanakpura Road,3,1419.59,2,65.0
3427,Kanakpura Road,3,1665.0,3,78.0
3428,Kanakpura Road,2,1339.0,2,63.0
3429,Kanakpura Road,3,1300.0,3,69.0
3430,Kanakpura Road,3,1450.0,3,60.9
3431,Kanakpura Road,2,900.0,2,41.0
3432,Kanakpura Road,3,1300.0,3,64.0
3433,Kanakpura Road,2,1120.0,2,51.0
3434,Kanakpura Road,2,1430.0,2,78.0
3435,Kanakpura Road,3,1401.0,3,69.0
3436,Kanakpura Road,2,1220.0,2,60.0
3437,Kanakpura Road,1,525.0,2,27.0
3438,Kanakpura Road,3,1452.0,3,60.98
3439,Kanakpura Road,3,1700.0,3,75.0
3440,Kanakpura Road,2,900.0,2,41.0
3441,Kanakpura Road,3,1300.0,2,69.0
3442,Kanakpura Road,3,2000.0,3,105.0
3443,Kanakpura Road,2,1200.0,2,62.0
3444,Kanakpura Road,2,900.0,2,41.0
3445,Kanakpura Road,3,1843.0,3,95.0
3446,Kanakpura Road,3,1843.0,3,90.0
3447,Kanakpura Road,2,900.0,2,46.29
3448,Kanakpura Road,1,850.0,1,37.32
3449,Kanakpura Road,3,1570.0,3,68.0
3450,Kanakpura Road,1,525.0,1,30.0
3451,Kanakpura Road,3,1938.0,3,105.0
3452,Kanakpura Road,3,1843.0,3,96.2
3453,Kanakpura Road,1,525.0,1,26.0
3454,Kanakpura Road,3,1610.0,3,78.5
3455,Kanakpura Road,3,1250.0,3,62.6
3456,Kanakpura Road,3,1450.0,3,60.91
3457,Kanakpura Road,3,1622.0,3,95.0
3458,Kanakpura Road,2,900.0,2,42.0
3459,Kanakpura Road,3,1665.0,3,74.9
3460,Kanakpura Road,3,1450.0,3,60.9
3461,Kanakpura Road,2,1339.0,2,67.0
3462,Kasavanhalli,2,1060.0,2,58.06
3463,Kasavanhalli,3,1563.05,3,105.0
3464,Kasavanhalli,3,1717.0,3,99.0
3465,Kasavanhalli,3,1799.0,3,90.0
3466,Kasavanhalli,4,3260.0,4,240.0
3467,Kasavanhalli,2,1349.0,2,78.0
3468,Kasavanhalli,2,1121.0,2,78.0
3469,Kasavanhalli,2,1100.0,2,50.0
3470,Kasavanhalli,3,1980.0,3,88.0
3471,Kasavanhalli,2,1200.0,2,78.0
3472,Kasavanhalli,3,1646.0,3,79.5
3473,Kasavanhalli,3,1555.0,3,82.5
3474,Kasavanhalli,3,1476.0,3,89.0
3475,Kasavanhalli,3,1493.0,3,82.0
3476,Kasavanhalli,2,1200.0,2,50.0
3477,Kasavanhalli,3,1719.0,3,116.0
3478,Kasavanhalli,2,1115.0,2,50.0
3479,Kasavanhalli,2,1125.0,2,61.2
3480,Kasavanhalli,3,2170.0,3,151.0
3481,Kasavanhalli,3,1915.0,3,80.0
3482,Kasavanhalli,3,1450.0,3,77.41
3483,Kasavanhalli,3,1476.0,3,95.0
3484,Kasavanhalli,2,1200.0,2,50.3
3485,Kasavanhalli,3,2100.0,3,110.0
3486,Kasavanhalli,3,1787.0,3,123.0
3487,Kasavanhalli,2,1090.0,2,59.8
3488,Kasavanhalli,3,1691.0,3,104.0
3489,Kasavanhalli,4,4260.0,4,272.0
3490,Kasavanhalli,3,2111.0,4,120.0
3491,Kasavanhalli,3,1545.0,3,69.0
3492,Kasavanhalli,2,950.0,2,39.0
3493,Kasavanhalli,4,1863.0,3,105.0
3494,Kasavanhalli,3,1667.0,3,92.0
3495,Kasavanhalli,3,1494.0,3,82.0
3496,Kasavanhalli,3,1555.0,3,82.0
3497,Kasavanhalli,1,770.0,1,43.82
3498,Kasavanhalli,2,1147.0,2,60.0
3499,Kasavanhalli,2,1375.0,2,72.0
3500,Kasavanhalli,3,1380.0,2,55.0
3501,Kasavanhalli,2,1200.0,2,60.0
3502,Kasavanhalli,4,4260.0,4,333.0
3503,Kasavanhalli,2,1495.0,2,83.0
3504,Kasavanhalli,3,5000.0,2,400.0
3505,Kasavanhalli,4,4000.0,4,325.0
3506,Kasavanhalli,3,1225.0,2,69.0
3507,Kasavanhalli,3,1917.0,3,132.0
3508,Kasavanhalli,2,1375.0,2,78.0
3509,Kasavanhalli,4,4408.0,4,344.0
3510,Kasavanhalli,2,1309.0,2,95.0
3511,Kasavanhalli,3,1476.0,3,105.0
3512,Kasavanhalli,2,1158.0,2,67.0
3513,Kasavanhalli,2,1214.0,2,67.0
3514,Kasavanhalli,3,2110.0,4,120.0
3515,Kasavanhalli,2,1495.0,2,110.0
3516,Kasavanhalli,2,1575.0,2,85.0
3517,Kasavanhalli,2,1069.0,2,55.0
3518,Kasavanhalli,2,1100.0,2,68.0
3519,Kasavanhalli,3,1715.0,3,112.0
3520,Kasavanhalli,2,1100.0,2,65.0
3521,Kasavanhalli,2,1230.0,2,66.25
3522,Kasavanhalli,3,1719.0,3,71.0
3523,Kasavanhalli,3,1600.0,3,79.0
3524,Kasavanhalli,2,1585.0,2,90.0
3525,Kasavanhalli,2,1245.0,2,80.0
3526,Kasavanhalli,3,2035.0,3,142.0
3527,Kasavanhalli,3,1747.0,3,110.0
3528,Kasavanhalli,2,1377.0,2,80.0
3529,Kasavanhalli,2,1181.0,2,61.0
3530,Kasavanhalli,2,1121.0,2,75.0
3531,Kathriguppe,3,1400.0,2,77.0
3532,Kathriguppe,3,1250.0,2,68.75
3533,Kathriguppe,3,1245.0,2,68.48
3534,Kathriguppe,3,1350.0,2,80.99
3535,Kathriguppe,3,1365.0,2,75.08
3536,Kathriguppe,3,1300.0,3,77.99
3537,Kathriguppe,3,1350.0,2,80.99
3538,Kathriguppe,3,1390.0,2,76.45
3539,Kathriguppe,3,1350.0,3,78.3
3540,Kathriguppe,3,1250.0,2,68.75
3541,Kathriguppe,3,1300.0,3,77.99
3542,Kathriguppe,3,1335.0,2,73.43
3543,Kathriguppe,3,1300.0,3,77.99
3544,Kathriguppe,3,1300.0,3,77.99
3545,Kathriguppe,3,1335.0,2,73.43
3546,Kathriguppe,3,1350.0,3,80.99
3547,Kathriguppe,2,1250.0,2,68.75
3548,Kathriguppe,3,1350.0,3,80.99
3549,Kaval Byrasandra,2,1200.0,2,52.0
3550,Kaval Byrasandra,2,1020.0,2,52.0
3551,Kaval Byrasandra,2,1200.0,2,49.5
3552,Kaval Byrasandra,2,945.0,2,50.0
3553,Kaval Byrasandra,2,1060.0,2,45.0
3554,Kaval Byrasandra,2,1100.0,2,46.0
3555,Kaval Byrasandra,2,1185.0,2,49.0
3556,Kaval Byrasandra,2,997.0,2,53.0
3557,Kaval Byrasandra,2,1060.0,2,42.0
3558,Kaval Byrasandra,1,480.0,1,25.0
3559,Kaval Byrasandra,2,1125.0,2,41.5
3560,Kaval Byrasandra,2,1180.0,2,60.0
3561,Kaval Byrasandra,3,1450.0,3,75.0
3562,Kaval Byrasandra,2,1066.0,2,55.0
3563,Kaval Byrasandra,2,1025.0,2,60.0
3564,Kaval Byrasandra,3,1400.0,3,75.0
3565,Kengeri,3,1540.0,2,64.0
3566,Kengeri,2,1160.0,2,40.61
3567,Kengeri,2,1197.0,2,50.0
3568,Kengeri,2,1200.0,2,58.0
3569,Kengeri,3,1250.0,3,48.0
3570,Kengeri,2,1025.0,2,57.0
3571,Kengeri,2,1155.0,2,40.6
3572,Kengeri,2,1255.0,2,50.0
3573,Kengeri,2,963.0,2,40.0
3574,Kengeri,2,927.0,2,37.0
3575,Kengeri,2,918.0,2,27.54
3576,Kengeri,1,416.0,1,19.5
3577,Kengeri,2,900.0,2,45.0
3578,Kengeri,2,900.0,2,30.0
3579,Kengeri,1,502.0,1,25.0
3580,Kengeri,3,1470.0,3,50.0
3581,Kengeri,3,1200.0,3,67.0
3582,Kengeri,1,500.0,1,17.0
3583,Kengeri,1,540.0,1,22.5
3584,Kengeri,3,1741.0,3,80.0
3585,Kengeri,3,1436.0,2,55.0
3586,Kengeri,2,1200.0,2,58.0
3587,Kengeri,2,1230.0,2,45.0
3588,Kengeri,3,1230.0,2,52.0
3589,Kengeri,2,1000.0,2,34.0
3590,Kengeri,1,416.0,1,18.0
3591,Kengeri,3,1245.0,2,43.57
3592,Kengeri,2,883.0,2,49.0
3593,Kengeri,2,1052.0,2,51.0
3594,Kengeri,2,1009.0,2,30.27
3595,Kengeri,2,1220.0,2,63.0
3596,Kengeri,1,1150.0,1,52.0
3597,Kengeri,2,1192.0,2,53.5
3598,Kengeri,2,1200.0,2,42.0
3599,Kengeri,1,600.0,1,35.0
3600,Kengeri,2,1035.0,2,51.5
3601,Kengeri,1,410.0,1,15.0
3602,Kengeri,1,416.0,1,17.19
3603,Kengeri,2,1320.0,2,50.0
3604,Kengeri,2,1160.0,2,40.6
3605,Kengeri,5,2500.0,4,100.0
3606,Kengeri,1,550.0,1,16.75
3607,Kengeri Satellite Town,2,890.0,2,35.0
3608,Kengeri Satellite Town,2,883.0,2,45.0
3609,Kengeri Satellite Town,3,1415.0,2,66.0
3610,Kengeri Satellite Town,1,930.0,1,30.0
3611,Kengeri Satellite Town,3,1635.0,2,78.0
3612,Kengeri Satellite Town,2,1050.0,2,43.0
3613,Kengeri Satellite Town,2,1007.0,2,42.0
3614,Kengeri Satellite Town,2,1030.0,2,50.0
3615,Kengeri Satellite Town,2,1200.0,2,65.0
3616,Kengeri Satellite Town,2,1302.5,2,44.285
3617,Kengeri Satellite Town,2,800.0,2,40.0
3618,Kengeri Satellite Town,1,654.0,1,22.0
3619,Kengeri Satellite Town,2,1060.0,2,42.0
3620,Kengeri Satellite Town,2,920.0,2,39.0
3621,Kengeri Satellite Town,2,985.0,2,42.0
3622,Kengeri Satellite Town,1,410.0,1,15.0
3623,Kengeri Satellite Town,2,1120.0,2,49.0
3624,Kengeri Satellite Town,3,1450.0,2,50.0
3625,Kengeri Satellite Town,2,1110.0,2,43.0
3626,Kengeri Satellite Town,2,1170.0,2,50.0
3627,Kengeri Satellite Town,2,800.0,2,32.0
3628,Kodichikkanahalli,2,995.0,2,41.0
3629,Kodichikkanahalli,5,2700.0,7,125.0
3630,Kodichikkanahalli,3,1495.0,2,75.0
3631,Kodichikkanahalli,2,1125.0,2,52.0
3632,Kodichikkanahalli,2,1150.0,2,48.0
3633,Kodichikkanahalli,2,1070.0,2,43.0
3634,Kodichikkanahalli,3,1620.0,2,85.0
3635,Kodichikkanahalli,3,1560.0,2,65.0
3636,Kodichikkanahalli,2,1026.0,2,45.0
3637,Kodichikkanahalli,5,2500.0,7,125.0
3638,Kodichikkanahalli,1,450.0,1,18.0
3639,Kodichikkanahalli,2,907.0,2,38.5
3640,Kodichikkanahalli,2,1181.0,2,57.0
3641,Kodichikkanahalli,2,900.0,2,42.0
3642,Kodichikkanahalli,3,1310.0,2,53.0
3643,Kodichikkanahalli,3,1400.0,3,66.0
3644,Kodichikkanahalli,2,976.0,2,50.0
3645,Kodichikkanahalli,5,2700.0,4,125.0
3646,Kodichikkanahalli,2,1299.0,2,58.0
3647,Kodichikkanahalli,2,900.0,2,35.0
3648,Kogilu,3,1909.0,3,88.0
3649,Kogilu,3,1664.0,2,73.95
3650,Kogilu,2,1170.0,2,51.99
3651,Kogilu,2,1140.0,2,50.66
3652,Kogilu,2,1200.0,2,53.33
3653,Kogilu,3,1934.0,3,150.0
3654,Kogilu,1,540.0,1,36.0
3655,Kogilu,2,1190.0,2,50.66
3656,Kogilu,2,1140.0,2,50.66
3657,Kogilu,3,1559.0,3,120.0
3658,Kogilu,1,700.0,1,30.84
3659,Kogilu,2,1250.0,2,55.55
3660,Kogilu,2,1200.0,2,53.33
3661,Kogilu,2,952.0,2,49.0
3662,Kogilu,1,700.0,1,30.84
3663,Kogilu,2,1250.0,2,55.55
3664,Kogilu,2,1140.0,2,50.66
3665,Kogilu,2,1140.0,2,50.66
3666,Koramangala,2,1320.0,2,165.0
3667,Koramangala,2,1253.0,2,102.0
3668,Koramangala,3,1580.0,3,160.0
3669,Koramangala,3,1750.0,3,130.0
3670,Koramangala,4,3500.0,5,425.0
3671,Koramangala,2,1005.0,1,110.0
3672,Koramangala,3,2292.0,4,275.0
3673,Koramangala,3,1835.0,2,155.0
3674,Koramangala,2,1290.0,2,100.0
3675,Koramangala,2,1300.0,2,110.0
3676,Koramangala,3,2200.0,3,180.0
3677,Koramangala,2,1325.0,2,119.0
3678,Koramangala,2,1140.0,2,75.2
3679,Koramangala,2,1260.0,2,100.0
3680,Koramangala,3,1975.0,3,210.0
3681,Koramangala,2,1900.0,2,200.0
3682,Koramangala,3,1750.0,3,130.0
3683,Koramangala,3,2292.0,3,286.0
3684,Koramangala,3,2300.0,3,290.0
3685,Koramangala,3,1594.0,3,125.0
3686,Koramangala,3,1760.0,2,115.0
3687,Koramangala,4,2503.0,6,325.0
3688,Koramangala,3,1900.0,3,150.0
3689,Koramangala,2,1320.0,2,150.0
3690,Koramangala,2,1320.0,2,110.0
3691,Koramangala,4,5985.0,4,775.0
3692,Koramangala,4,2461.0,6,353.0
3693,Koramangala,3,1615.0,3,115.0
3694,Koramangala,3,2246.0,3,300.0
3695,Koramangala,2,1300.0,2,82.0
3696,Koramangala,3,1716.0,2,115.0
3697,Koramangala,3,1500.0,3,135.0
3698,Koramangala,2,1083.0,2,100.0
3699,Koramangala,3,1744.0,3,200.0
3700,Koramangala,2,1180.0,2,128.0
3701,Koramangala,2,1320.0,2,160.0
3702,Koramangala,2,1370.0,2,125.0
3703,Koramangala,2,1100.0,2,85.0
3704,Koramangala,2,1249.0,2,165.0
3705,Koramangala,2,1200.0,2,100.0
3706,Koramangala,3,1720.0,2,130.0
3707,Koramangala,3,1900.0,2,120.0
3708,Koramangala,3,2223.0,3,300.0
3709,Koramangala,3,1744.0,4,210.0
3710,Koramangala,3,1866.0,4,245.0
3711,Koramangala,2,1320.0,2,160.0
3712,Koramangala,2,1350.0,2,103.0
3713,Koramangala,4,6000.0,4,625.0
3714,Koramangala,3,1642.0,2,115.0
3715,Koramangala,2,1320.0,2,160.0
3716,Koramangala,3,1710.0,3,210.0
3717,Koramangala,2,1355.0,2,95.0
3718,Koramangala,3,1600.0,3,170.0
3719,Koramangala,2,1260.0,2,100.0
3720,Koramangala,3,1910.0,4,150.0
3721,Koramangala,3,1600.0,2,140.0
3722,Kothannur,2,1206.0,2,48.23
3723,Kothannur,3,1275.0,2,43.85
3724,Kothannur,2,1100.0,2,40.0
3725,Kothannur,2,1197.0,2,47.88
3726,Kothannur,2,1197.0,2,47.8
3727,Kothannur,2,1070.0,2,42.79
3728,Kothannur,3,1270.0,3,45.0
3729,Kothannur,3,1275.0,3,44.0
3730,Kothannur,2,1070.0,2,38.6
3731,Kothannur,3,1485.0,2,59.4
3732,Kothannur,3,1215.0,2,48.6
3733,Kothannur,3,1404.0,2,56.15
3734,Kothanur,2,1200.0,2,51.0
3735,Kothanur,3,2400.0,2,150.0
3736,Kothanur,3,1828.0,3,110.0
3737,Kothanur,2,1186.0,2,58.0
3738,Kothanur,3,1577.0,3,70.0
3739,Kothanur,3,1847.0,3,105.0
3740,Kothanur,3,1580.0,3,76.0
3741,Kothanur,5,9600.0,5,550.0
3742,Kothanur,3,1435.0,3,70.0
3743,Kothanur,2,1187.0,2,58.0
3744,Kothanur,3,1847.0,3,110.0
3745,Kothanur,3,1460.0,3,71.0
3746,Kothanur,2,1185.0,2,59.0
3747,Kothanur,3,1436.0,3,70.0
3748,Kothanur,3,1462.0,3,71.0
3749,Kothanur,3,1790.0,3,105.0
3750,Kothanur,3,1583.0,3,76.1
3751,Kothanur,2,1070.0,2,45.5
3752,Kothanur,3,1820.0,3,77.0
3753,Kothanur,2,1145.0,2,56.0
3754,Kothanur,4,3401.0,5,230.0
3755,Kothanur,2,1455.0,2,69.0
3756,Kothanur,1,627.0,1,30.0
3757,Kothanur,2,1302.0,2,68.5
3758,Kothanur,3,1760.0,3,111.0
3759,Kothanur,2,1185.0,2,58.0
3760,Kothanur,1,1500.0,1,75.0
3761,Kothanur,2,1075.0,2,53.0
3762,Kothanur,3,1790.0,3,97.0
3763,Kothanur,4,2700.0,4,175.0
3764,Kothanur,3,1786.0,2,106.0
3765,Kothanur,3,1787.0,3,107.0
3766,Kothanur,2,1141.0,2,54.0
3767,Kothanur,3,1760.0,3,110.0
3768,Kothanur,3,1365.0,3,66.0
3769,Kothanur,2,1160.0,2,57.0
3770,Kothanur,2,1095.0,2,55.0
3771,Kothanur,2,1142.0,2,56.0
3772,Kothanur,2,1074.0,2,54.0
3773,Kothanur,2,1285.0,2,60.0
3774,Kothanur,2,1075.0,2,53.0
3775,Kothanur,2,1140.0,2,56.0
3776,Kothanur,2,1400.0,2,70.0
3777,Kothanur,3,1581.0,3,76.0
3778,Kothanur,3,1385.0,3,67.0
3779,Kothanur,2,1140.0,2,56.0
3780,Kothanur,3,1787.0,3,120.0
3781,Kothanur,2,1185.0,2,59.0
3782,Kothanur,3,1581.0,3,76.0
3783,Kothanur,3,1790.0,3,105.0
3784,Kothanur,2,1130.0,2,55.0
3785,Kothanur,2,1094.0,2,54.0
3786,Kothanur,2,1400.0,2,65.0
3787,Kothanur,2,1195.0,2,59.0
3788,Kothanur,3,1790.0,3,120.0
3789,Kothanur,3,1454.0,3,71.5
3790,Kudlu,2,1152.0,2,53.5
3791,Kudlu,2,1027.0,2,43.0
3792,Kudlu,2,1092.0,2,44.0
3793,Kudlu,2,1027.0,2,43.0
3794,Kudlu,2,1092.0,2,44.0
3795,Kudlu,2,1143.0,2,55.0
3796,Kudlu,3,1455.0,2,60.0
3797,Kudlu,2,1024.0,2,44.0
3798,Kudlu,3,1570.0,2,65.94
3799,Kudlu,3,1600.0,3,79.0
3800,Kudlu,2,1027.0,2,42.0
3801,Kudlu,2,1076.0,2,50.0
3802,Kudlu,2,1027.0,2,44.0
3803,Kudlu,2,1084.0,2,53.0
3804,Kudlu,2,1300.0,2,56.0
3805,Kudlu,2,1027.0,2,44.0
3806,Kudlu,3,1245.0,2,60.0
3807,Kudlu,2,1027.0,2,44.0
3808,Kudlu,2,1110.0,2,46.0
3809,Kudlu,4,2100.0,3,114.0
3810,Kudlu,2,1027.0,2,44.0
3811,Kudlu,1,720.0,1,33.0
3812,Kudlu,2,1027.0,2,44.0
3813,Kudlu,2,1162.0,2,52.0
3814,Kudlu,2,1041.0,2,53.0
3815,Kudlu Gate,3,1535.0,3,83.0
3816,Kudlu Gate,3,1535.0,3,85.0
3817,Kudlu Gate,3,1535.0,3,78.0
3818,Kudlu Gate,3,1535.0,3,86.0
3819,Kudlu Gate,3,1564.0,2,92.0
3820,Kudlu Gate,3,1364.0,2,46.38
3821,Kudlu Gate,2,1238.0,2,55.0
3822,Kudlu Gate,3,1707.0,2,99.745
3823,Kudlu Gate,3,1335.0,3,89.0
3824,Kudlu Gate,1,703.0,1,52.0
3825,Kudlu Gate,3,1535.0,3,86.0
3826,Kudlu Gate,3,1532.0,3,83.0
3827,Kudlu Gate,2,1113.0,2,50.0
3828,Kudlu Gate,3,1465.0,2,49.81
3829,Kudlu Gate,2,1185.0,2,50.0
3830,Kudlu Gate,3,1664.0,3,68.0
3831,Kudlu Gate,3,1656.0,3,80.0
3832,Kudlu Gate,3,1656.0,3,75.0
3833,Kudlu Gate,2,1215.0,2,45.0
3834,Kudlu Gate,2,812.0,2,38.25
3835,Kudlu Gate,2,1547.0,2,103.0
3836,Kudlu Gate,2,1336.0,2,86.0
3837,Kudlu Gate,3,1919.0,3,121.0
3838,Kudlu Gate,2,1464.0,3,56.0
3839,Kudlu Gate,3,1535.0,3,85.0
3840,Kudlu Gate,3,1850.0,3,120.0
3841,Kudlu Gate,2,940.0,2,69.57
3842,Kudlu Gate,2,1215.0,2,44.96
3843,Kudlu Gate,2,1164.0,2,75.0
3844,Kudlu Gate,4,3850.0,6,205.0
3845,Kudlu Gate,2,1183.0,2,79.54
3846,Kudlu Gate,3,1850.0,3,110.0
3847,Kudlu Gate,3,1320.0,2,50.0
3848,Kudlu Gate,2,1183.0,2,79.54
3849,Kudlu Gate,2,1200.0,2,44.4
3850,Kudlu Gate,3,1432.0,2,61.11
3851,Kudlu Gate,2,1310.0,2,53.0
3852,Kumaraswami Layout,4,2000.0,4,139.0
3853,Kumaraswami Layout,2,1000.0,2,48.5
3854,Kumaraswami Layout,2,1000.0,2,58.0
3855,Kumaraswami Layout,3,2400.0,2,125.0
3856,Kumaraswami Layout,3,1310.0,2,70.0
3857,Kumaraswami Layout,1,850.0,1,78.0
3858,Kumaraswami Layout,7,3200.0,7,150.0
3859,Kumaraswami Layout,3,1310.0,2,85.0
3860,Kumaraswami Layout,4,2450.0,3,110.0
3861,Kumaraswami Layout,7,3100.0,7,145.0
3862,Kumaraswami Layout,3,1200.0,3,75.0
3863,Kumaraswami Layout,2,1081.0,2,60.0
3864,Kundalahalli,3,1724.0,3,125.0
3865,Kundalahalli,2,1030.0,2,49.0
3866,Kundalahalli,2,1047.0,2,82.0
3867,Kundalahalli,3,1397.0,3,105.0
3868,Kundalahalli,3,1724.0,3,127.0
3869,Kundalahalli,2,1010.0,2,49.27
3870,Kundalahalli,3,1397.0,3,110.0
3871,Kundalahalli,3,1397.0,3,104.0
3872,Kundalahalli,3,1397.0,3,108.0
3873,Kundalahalli,3,1920.0,3,150.0
3874,Kundalahalli,3,1397.0,3,105.0
3875,Kundalahalli,3,1800.0,3,80.0
3876,Kundalahalli,3,1724.0,3,124.0
3877,Kundalahalli,2,1047.0,2,84.0
3878,Kundalahalli,2,1047.0,2,83.0
3879,Kundalahalli,4,7000.0,4,550.0
3880,Kundalahalli,3,2075.0,3,115.0
3881,Kundalahalli,2,1120.0,2,53.76
3882,Kundalahalli,2,1047.0,2,82.62
3883,Kundalahalli,2,1047.0,2,91.0
3884,Kundalahalli,3,1724.0,3,146.0
3885,Kundalahalli,3,1600.0,3,170.0
3886,Kundalahalli,3,1496.0,2,78.0
3887,Kundalahalli,3,1724.0,3,125.0
3888,Kundalahalli,2,1010.0,2,48.27
3889,Kundalahalli,2,1047.0,2,89.0
3890,Kundalahalli,4,2500.0,5,245.0
3891,Kundalahalli,3,1397.0,3,105.0
3892,Kundalahalli,3,1800.0,3,110.0
3893,Kundalahalli,2,1047.0,2,72.0
3894,Kundalahalli,2,1260.0,2,58.0
3895,Kundalahalli,4,3092.0,4,230.0
3896,Kundalahalli,2,1065.0,2,70.0
3897,Kundalahalli,3,1724.0,3,146.0
3898,Kundalahalli,2,1047.0,2,91.0
3899,Kundalahalli,3,1724.0,3,128.0
3900,Kundalahalli,2,1315.0,2,74.0
3901,Kundalahalli,3,2100.0,3,150.0
3902,Kundalahalli,3,1724.0,3,125.0
3903,Kundalahalli,3,1724.0,3,140.0
3904,Kundalahalli,2,1175.0,2,65.0
3905,Lakshminarayana Pura,2,1185.0,2,75.0
3906,Lakshminarayana Pura,3,1600.0,2,108.0
3907,Lakshminarayana Pura,2,1180.0,2,75.0
3908,Lakshminarayana Pura,2,1172.0,2,82.0
3909,Lakshminarayana Pura,2,1179.0,2,75.0
3910,Lakshminarayana Pura,2,1149.0,2,75.0
3911,Lakshminarayana Pura,2,1336.0,2,100.0
3912,Lakshminarayana Pura,2,1175.0,2,75.0
3913,Lakshminarayana Pura,2,1190.0,2,75.0
3914,Lakshminarayana Pura,2,1200.0,2,75.0
3915,Lakshminarayana Pura,2,1200.0,2,75.0
3916,Lakshminarayana Pura,2,1165.0,2,75.0
3917,Lakshminarayana Pura,2,1145.0,2,75.0
3918,Lakshminarayana Pura,3,1500.0,3,104.0
3919,Lakshminarayana Pura,2,1210.0,2,75.0
3920,Lakshminarayana Pura,2,1169.0,2,75.0
3921,Lakshminarayana Pura,2,1200.0,2,75.0
3922,Lakshminarayana Pura,2,1172.0,2,75.0
3923,Lakshminarayana Pura,2,1172.0,2,75.0
3924,Lakshminarayana Pura,2,1180.0,2,75.0
3925,Lakshminarayana Pura,2,1200.0,2,83.0
3926,Lakshminarayana Pura,2,1200.0,2,80.0
3927,Lakshminarayana Pura,2,1195.0,2,75.0
3928,Lakshminarayana Pura,2,1200.0,2,80.0
3929,Lingadheeranahalli,3,1521.0,3,95.0
3930,Lingadheeranahalli,3,1511.0,3,95.0
3931,Lingadheeranahalli,3,1683.0,3,109.0
3932,Lingadheeranahalli,3,1519.0,3,93.0
3933,Lingadheeranahalli,3,1521.0,3,94.99
3934,Lingadheeranahalli,3,1682.0,3,120.0
3935,Lingadheeranahalli,3,1521.0,3,94.71
3936,Lingadheeranahalli,3,1893.0,3,130.0
3937,Lingadheeranahalli,3,1705.0,3,110.0
3938,Lingadheeranahalli,4,2245.0,4,154.0
3939,Lingadheeranahalli,3,1682.0,3,113.0
3940,Lingadheeranahalli,3,1682.0,3,114.0
3941,Lingadheeranahalli,3,1506.0,3,95.0
3942,Lingadheeranahalli,3,1683.0,3,110.0
3943,Lingadheeranahalli,3,1684.0,3,120.0
3944,Lingadheeranahalli,4,2236.0,4,153.0
3945,Lingadheeranahalli,3,1894.0,4,114.0
3946,Lingadheeranahalli,4,2240.0,4,160.0
3947,Magadi Road,2,1116.0,2,50.0
3948,Magadi Road,2,884.0,2,41.1
3949,Magadi Road,2,1005.0,2,55.78
3950,Magadi Road,2,1000.0,2,46.5
3951,Magadi Road,3,1322.0,2,58.82
3952,Magadi Road,2,1345.0,2,55.0
3953,Magadi Road,2,1116.0,2,51.89
3954,Magadi Road,2,940.0,2,50.0
3955,Magadi Road,3,1318.0,2,68.0
3956,Magadi Road,2,884.0,2,48.0
3957,Mahadevpura,3,1720.0,3,78.0
3958,Mahadevpura,2,1150.0,2,52.0
3959,Mahadevpura,2,1250.0,2,52.0
3960,Mahadevpura,2,1260.0,2,57.6
3961,Mahadevpura,1,730.0,1,35.0
3962,Mahadevpura,3,1434.0,2,67.39
3963,Mahadevpura,2,1146.0,2,53.8
3964,Mahadevpura,2,1532.0,2,62.0
3965,Mahadevpura,3,1620.0,2,76.0
3966,Mahadevpura,2,1136.0,2,64.5
3967,Mahadevpura,3,1400.0,2,65.8
3968,Mahadevpura,2,1137.0,2,53.4
3969,Mahadevpura,3,1601.0,3,95.0
3970,Mahadevpura,3,1450.0,3,75.0
3971,Mahadevpura,2,1152.0,2,54.0
3972,Mahadevpura,2,1212.0,2,56.9
3973,Mahadevpura,3,1505.0,3,64.0
3974,Mahadevpura,3,1505.0,3,78.0
3975,Mahadevpura,3,1500.0,2,70.0
3976,Mahadevpura,2,1236.0,2,58.0
3977,Mahadevpura,2,1236.0,2,58.0
3978,Mahadevpura,2,1120.0,2,53.0
3979,Malleshwaram,1,705.0,1,67.0
3980,Malleshwaram,7,12000.0,7,2200.0
3981,Malleshwaram,4,2500.0,5,325.0
3982,Malleshwaram,3,2006.0,3,297.0
3983,Malleshwaram,1,686.0,1,62.5
3984,Malleshwaram,3,2475.0,4,332.0
3985,Malleshwaram,3,2610.0,3,399.0
3986,Malleshwaram,3,2475.0,4,320.0
3987,Malleshwaram,2,900.0,2,95.0
3988,Malleshwaram,2,1420.0,2,158.0
3989,Malleshwaram,3,2000.0,3,250.0
3990,Malleshwaram,3,2215.0,3,275.0
3991,Malleshwaram,3,1600.0,3,160.0
3992,Malleshwaram,3,2475.0,4,300.0
3993,Malleshwaram,3,2345.0,2,293.0
3994,Malleshwaram,3,2600.0,3,237.0
3995,Malleshwaram,3,2215.0,4,310.0
3996,Malleshwaram,1,480.0,1,60.0
3997,Malleshwaram,2,1290.0,2,120.0
3998,Malleshwaram,3,2475.0,4,326.0
3999,Malleshwaram,3,2476.0,3,337.0
4000,Malleshwaram,2,900.0,2,90.0
4001,Malleshwaram,3,2250.0,3,200.0
4002,Malleshwaram,3,2050.0,4,270.0
4003,Malleshwaram,2,900.0,2,72.0
4004,Malleshwaram,1,620.0,1,86.8
4005,Malleshwaram,3,2475.0,4,337.0
4006,Malleshwaram,3,2215.0,3,275.0
4007,Malleshwaram,3,2215.0,3,330.0
4008,Malleshwaram,4,2800.0,4,252.0
4009,Malleshwaram,2,1020.0,2,80.0
4010,Malleshwaram,3,2200.0,3,275.0
4011,Malleshwaram,3,2475.0,4,326.0
4012,Malleshwaram,2,1500.0,2,140.0
4013,Malleshwaram,3,2475.0,4,340.0
4014,Malleshwaram,2,1400.0,2,190.0
4015,Malleshwaram,3,2475.0,4,300.0
4016,Malleshwaram,3,2400.0,3,380.0
4017,Malleshwaram,1,580.0,1,45.0
4018,Malleshwaram,2,1410.0,2,125.0
4019,Malleshwaram,4,2610.0,4,306.0
4020,Marathahalli,3,1310.0,3,63.25
4021,Marathahalli,2,1220.0,2,57.0
4022,Marathahalli,2,1200.0,2,52.0
4023,Marathahalli,2,1200.0,2,60.0
4024,Marathahalli,3,1933.0,3,140.0
4025,Marathahalli,2,950.0,2,46.96
4026,Marathahalli,2,1230.0,2,80.0
4027,Marathahalli,4,3800.0,4,250.0
4028,Marathahalli,2,1019.0,2,49.85
4029,Marathahalli,2,1215.0,2,67.0
4030,Marathahalli,4,2181.0,3,152.0
4031,Marathahalli,2,1170.0,2,53.0
4032,Marathahalli,2,1019.0,2,49.86
4033,Marathahalli,2,1325.0,2,71.55
4034,Marathahalli,2,1220.0,2,56.5
4035,Marathahalli,3,1575.0,3,78.0
4036,Marathahalli,2,1152.0,2,56.0
4037,Marathahalli,3,1610.0,3,90.0
4038,Marathahalli,2,1146.0,2,70.0
4039,Marathahalli,4,4000.0,5,212.0
4040,Marathahalli,3,1469.0,3,89.0
4041,Marathahalli,3,1530.0,3,74.5
4042,Marathahalli,3,1840.0,3,98.0
4043,Marathahalli,4,3951.0,4,220.0
4044,Marathahalli,3,1350.0,2,62.0
4045,Marathahalli,4,2519.0,5,185.0
4046,Marathahalli,3,1385.0,2,66.65
4047,Marathahalli,2,957.0,2,46.9
4048,Marathahalli,3,1583.0,3,105.0
4049,Marathahalli,4,2524.0,5,190.0
4050,Marathahalli,3,1350.0,3,72.0
4051,Marathahalli,4,4000.0,5,212.0
4052,Marathahalli,3,1535.0,3,72.5
4053,Marathahalli,2,1071.0,2,52.25
4054,Marathahalli,2,1215.0,2,58.86
4055,Marathahalli,2,1102.0,2,53.67
4056,Marathahalli,3,1900.0,3,123.0
4057,Marathahalli,2,1045.0,2,60.0
4058,Marathahalli,3,1305.0,2,69.0
4059,Marathahalli,2,1215.0,2,58.86
4060,Marathahalli,2,1365.0,2,73.0
4061,Marathahalli,4,3800.0,4,205.0
4062,Marathahalli,4,3895.0,4,220.0
4063,Marathahalli,3,1785.0,3,94.0
4064,Marathahalli,4,4000.0,4,220.0
4065,Marathahalli,2,1208.0,2,70.0
4066,Marathahalli,2,1325.0,1,92.0
4067,Marathahalli,3,1525.0,3,90.0
4068,Marathahalli,3,1937.0,3,140.0
4069,Marathahalli,3,1550.0,3,83.0
4070,Marathahalli,2,1350.0,2,86.0
4071,Marathahalli,2,957.0,2,47.0
4072,Marathahalli,4,4000.0,4,220.0
4073,Marathahalli,2,1230.0,2,57.0
4074,Marathahalli,2,1200.0,2,58.0
4075,Marathahalli,3,1650.0,3,86.45
4076,Marathahalli,1,607.0,1,35.0
4077,Marathahalli,3,1583.0,3,109.0
4078,Marathahalli,2,1075.0,2,52.43
4079,Marathahalli,2,1360.0,2,103.0
4080,Marathahalli,2,1220.0,2,58.5
4081,Marathahalli,2,950.0,2,45.68
4082,Marathahalli,1,615.0,1,44.0
4083,Marathahalli,3,1595.0,3,90.0
4084,Marathahalli,2,1350.0,2,89.0
4085,Marathahalli,2,1020.0,2,57.0
4086,Marathahalli,2,1600.0,3,88.0
4087,Marathahalli,1,780.0,1,55.0
4088,Marathahalli,3,1710.0,3,100.0
4089,Marathahalli,3,1530.0,3,73.5
4090,Marathahalli,2,1358.0,2,81.0
4091,Marathahalli,2,1205.0,2,75.0
4092,Marathahalli,3,1730.0,3,110.0
4093,Marathahalli,3,1583.0,3,115.0
4094,Marathahalli,2,1200.0,2,67.0
4095,Marathahalli,2,1095.0,2,60.0
4096,Marathahalli,2,1060.0,2,48.0
4097,Marathahalli,2,1050.0,2,65.0
4098,Marathahalli,2,1102.0,2,53.67
4099,Marathahalli,2,1026.0,2,49.95
4100,Marathahalli,4,3940.0,4,220.0
4101,Marathahalli,3,1435.0,3,73.0
4102,Marathahalli,2,1220.0,2,59.0
4103,Marathahalli,2,881.0,2,48.06
4104,Marathahalli,3,1710.0,3,100.0
4105,Marathahalli,3,1680.0,3,105.0
4106,Marathahalli,3,1910.0,3,119.0
4107,Marathahalli,2,1602.0,2,104.0
4108,Marathahalli,1,700.0,1,38.0
4109,Marathahalli,3,1469.0,3,89.0
4110,Marathahalli,3,1385.0,2,68.5
4111,Marathahalli,3,1690.0,3,116.0
4112,Marathahalli,2,1065.0,2,55.0
4113,Marathahalli,3,1693.0,3,125.0
4114,Marathahalli,3,1693.0,3,125.0
4115,Marathahalli,2,1196.0,2,57.9
4116,Marathahalli,3,1595.0,3,88.0
4117,Marathahalli,3,2122.0,3,125.0
4118,Marathahalli,3,1730.0,3,115.0
4119,Marathahalli,4,4000.0,4,200.0
4120,Marathahalli,3,1200.0,2,58.17
4121,Marathahalli,2,1125.0,2,55.0
4122,Marathahalli,3,1950.0,3,115.0
4123,Marathahalli,2,1250.0,2,68.0
4124,Marathahalli,2,1125.0,2,56.8
4125,Marathahalli,2,1350.0,2,90.0
4126,Marathahalli,2,1200.0,2,53.0
4127,Marathahalli,4,2500.0,5,175.0
4128,Marathahalli,2,957.0,2,47.0
4129,Marathahalli,4,3855.0,4,220.0
4130,Marathahalli,3,1605.0,3,76.0
4131,Marathahalli,2,1350.0,2,60.0
4132,Marathahalli,4,3400.0,4,235.0
4133,Marathahalli,2,1350.0,2,99.0
4134,Marathahalli,3,1310.0,3,63.22
4135,Marathahalli,2,1285.0,2,55.0
4136,Marathahalli,4,2500.0,5,181.0
4137,Marathahalli,4,3800.0,4,235.0
4138,Marathahalli,4,3951.0,4,230.0
4139,Marathahalli,2,1125.0,2,54.8
4140,Marathahalli,3,1700.0,3,126.0
4141,Marathahalli,3,1315.0,2,60.0
4142,Marathahalli,2,1270.0,2,73.0
4143,Marathahalli,3,1530.0,3,71.0
4144,Marathahalli,2,950.0,2,46.7
4145,Marathahalli,3,1550.0,3,85.0
4146,Marathahalli,2,1019.0,2,49.86
4147,Marathahalli,2,1144.0,2,65.0
4148,Marathahalli,2,1240.0,2,55.0
4149,Marathahalli,1,1100.0,2,75.0
4150,Marathahalli,2,1156.0,2,52.0
4151,Marathahalli,4,2524.0,5,180.0
4152,Marathahalli,2,1135.0,2,60.0
4153,Marathahalli,3,1839.0,3,130.0
4154,Marathahalli,2,1170.0,2,85.0
4155,Marathahalli,2,1102.0,2,53.67
4156,Marathahalli,3,1449.0,3,110.0
4157,Marathahalli,2,1360.0,2,101.0
4158,Marathahalli,2,1026.0,2,50.18
4159,Marathahalli,3,1800.0,3,95.0
4160,Marathahalli,3,1650.0,3,85.0
4161,Marathahalli,2,1270.0,2,80.0
4162,Marathahalli,2,1100.0,2,50.0
4163,Marathahalli,2,1196.0,2,57.95
4164,Marathahalli,3,1310.0,3,63.25
4165,Marathahalli,3,1485.0,2,90.0
4166,Marathahalli,2,1146.0,2,69.0
4167,Margondanahalli,2,1090.0,2,58.0
4168,Margondanahalli,2,1200.0,2,58.5
4169,Margondanahalli,2,1200.0,2,67.0
4170,Margondanahalli,3,1200.0,2,65.0
4171,Margondanahalli,2,1000.0,2,57.0
4172,Margondanahalli,3,1625.0,3,80.0
4173,Margondanahalli,2,1200.0,2,69.0
4174,Margondanahalli,2,900.0,2,49.0
4175,Margondanahalli,2,1140.0,2,60.0
4176,Margondanahalli,2,1100.0,2,55.0
4177,Margondanahalli,2,1152.0,1,66.0
4178,Margondanahalli,3,1448.0,3,70.0
4179,Margondanahalli,2,1200.0,2,65.0
4180,Margondanahalli,2,1050.0,2,58.0
4181,Margondanahalli,2,1160.0,2,65.0
4182,Margondanahalli,2,1334.0,2,67.76
4183,Munnekollal,2,1170.0,2,52.0
4184,Munnekollal,2,1102.0,2,53.67
4185,Munnekollal,3,1390.0,3,68.0
4186,Munnekollal,2,1200.0,2,49.5
4187,Munnekollal,2,950.0,2,46.5
4188,Munnekollal,3,1560.0,3,75.0
4189,Munnekollal,3,1750.0,3,86.5
4190,Munnekollal,3,1385.0,2,66.5
4191,Munnekollal,2,1080.0,2,45.0
4192,Munnekollal,2,1170.0,2,59.0
4193,Munnekollal,3,1540.0,2,70.0
4194,Munnekollal,3,1200.0,2,57.9
4195,Munnekollal,2,1030.0,2,50.36
4196,Mysore Road,2,1175.0,2,73.5
4197,Mysore Road,3,1710.0,4,91.31
4198,Mysore Road,2,1020.0,2,48.95
4199,Mysore Road,2,1175.0,2,73.5
4200,Mysore Road,2,1070.0,2,45.0
4201,Mysore Road,2,1239.0,2,53.0
4202,Mysore Road,2,1060.0,2,62.0
4203,Mysore Road,2,980.0,2,45.47
4204,Mysore Road,2,883.0,2,40.0
4205,Mysore Road,3,1525.0,3,96.0
4206,Mysore Road,2,1200.0,2,65.0
4207,Mysore Road,3,1340.0,2,64.31
4208,Mysore Road,3,1340.0,2,64.31
4209,Mysore Road,2,883.0,2,40.95
4210,Mysore Road,2,1070.0,2,49.65
4211,Mysore Road,2,883.0,2,50.0
4212,Mysore Road,2,1155.0,2,51.0
4213,Mysore Road,2,1003.0,2,43.0
4214,Mysore Road,2,1237.0,2,73.0
4215,Mysore Road,2,883.0,2,45.0
4216,Mysore Road,2,1170.0,2,65.0
4217,Mysore Road,2,1029.5,2,50.855
4218,Mysore Road,2,940.0,2,43.61
4219,Mysore Road,3,1500.0,3,74.0
4220,Mysore Road,2,1020.0,2,48.95
4221,Mysore Road,3,1568.0,2,100.0
4222,Mysore Road,3,1410.0,2,64.0
4223,Mysore Road,3,1560.0,2,83.3
4224,Mysore Road,2,1175.0,2,70.5
4225,Mysore Road,3,1500.0,3,70.0
4226,Mysore Road,2,883.0,2,37.0
4227,Nagarbhavi,3,1630.0,2,98.0
4228,Nagarbhavi,3,1350.0,3,150.0
4229,Nagarbhavi,2,1200.0,2,150.0
4230,Nagarbhavi,3,1523.0,2,53.4
4231,Nagarbhavi,3,2400.0,3,160.0
4232,Nagarbhavi,1,884.0,2,36.0
4233,Nagarbhavi,2,1055.0,2,55.0
4234,Nagarbhavi,3,1350.0,2,54.6
4235,Nagarbhavi,2,1223.0,2,60.0
4236,Nagarbhavi,2,956.0,2,49.0
4237,Nagarbhavi,3,1560.0,3,66.0
4238,Nagarbhavi,2,1200.0,2,150.0
4239,Nagarbhavi,3,1400.0,2,85.0
4240,Nagarbhavi,3,1515.0,2,79.0
4241,Nagarbhavi,2,1145.0,2,40.0
4242,Nagarbhavi,1,710.0,2,40.0
4243,Nagarbhavi,3,1850.0,3,88.0
4244,Nagarbhavi,2,1212.0,2,50.0
4245,Nagarbhavi,2,1020.0,2,55.0
4246,Nagarbhavi,3,1850.0,3,90.0
4247,Nagarbhavi,2,1120.0,2,53.0
4248,Nagarbhavi,3,1850.0,2,88.0
4249,Nagarbhavi,2,1146.0,2,50.0
4250,Nagarbhavi,3,1850.0,2,89.0
4251,Nagarbhavi,2,1190.0,2,63.0
4252,Nagarbhavi,3,1523.0,2,56.0
4253,Nagarbhavi,2,1050.0,2,80.0
4254,Nagarbhavi,5,2500.0,3,180.0
4255,Nagarbhavi,3,1350.0,3,60.0
4256,Nagarbhavi,3,1635.0,3,85.0
4257,Nagarbhavi,3,1400.0,2,135.0
4258,Nagarbhavi,3,2200.0,2,99.0
4259,Nagarbhavi,2,1100.0,2,46.2
4260,Nagarbhavi,2,1080.0,2,49.0
4261,Nagarbhavi,4,1800.0,3,180.0
4262,Nagarbhavi,2,1225.0,2,58.0
4263,Old Airport Road,4,2732.0,4,204.0
4264,Old Airport Road,3,1875.0,2,110.0
4265,Old Airport Road,4,3356.0,4,251.0
4266,Old Airport Road,2,1206.0,2,75.0
4267,Old Airport Road,4,2774.0,4,207.0
4268,Old Airport Road,4,2690.0,4,191.0
4269,Old Airport Road,4,2690.0,4,199.0
4270,Old Airport Road,2,1655.0,2,97.65
4271,Old Airport Road,2,1075.0,2,60.0
4272,Old Airport Road,3,1858.0,2,167.0
4273,Old Airport Road,2,1150.0,2,90.0
4274,Old Airport Road,4,2690.0,4,191.0
4275,Old Airport Road,4,2658.0,5,187.0
4276,Old Airport Road,2,946.0,2,58.0
4277,Old Airport Road,4,2774.0,4,208.0
4278,Old Airport Road,4,2774.0,4,208.0
4279,Old Airport Road,4,3200.0,4,280.0
4280,Old Airport Road,4,2690.0,4,201.0
4281,Old Airport Road,2,1145.0,2,75.0
4282,Old Airport Road,4,2732.0,4,194.0
4283,Old Airport Road,4,2658.0,5,189.0
4284,Old Airport Road,4,2774.0,4,197.0
4285,Old Airport Road,4,3496.0,4,262.0
4286,Old Airport Road,4,2774.0,4,197.0
4287,Old Airport Road,4,2732.0,4,204.0
4288,Old Airport Road,3,1798.0,3,150.0
4289,Old Airport Road,4,2774.0,4,208.0
4290,Old Airport Road,2,1184.0,2,78.0
4291,Old Airport Road,4,3504.0,4,262.0
4292,Old Airport Road,2,1055.0,2,75.0
4293,Old Madras Road,3,1425.0,2,94.0
4294,Old Madras Road,4,3715.0,6,224.5
4295,Old Madras Road,4,3630.0,6,195.0
4296,Old Madras Road,3,1350.0,3,58.99
4297,Old Madras Road,2,935.0,2,45.0
4298,Old Madras Road,4,3715.0,6,200.5
4299,Old Madras Road,3,1720.0,3,100.0
4300,Old Madras Road,2,1200.0,2,72.0
4301,Old Madras Road,2,1225.0,2,53.55
4302,Old Madras Road,2,1100.0,2,70.0
4303,Old Madras Road,3,2760.0,5,157.0
4304,Old Madras Road,2,1171.0,2,75.0
4305,Old Madras Road,2,935.0,2,45.0
4306,Old Madras Road,5,4500.0,7,294.0
4307,Old Madras Road,3,2640.0,5,142.0
4308,Old Madras Road,2,1065.0,2,47.86
4309,Old Madras Road,4,2010.0,3,125.0
4310,Old Madras Road,4,2010.0,3,115.0
4311,Old Madras Road,3,1480.0,2,84.0
4312,Old Madras Road,3,2990.0,5,210.0
4313,Old Madras Road,2,1210.0,2,74.0
4314,Old Madras Road,2,1171.0,2,72.0
4315,Old Madras Road,4,3630.0,6,196.0
4316,Old Madras Road,3,1480.0,3,95.0
4317,Old Madras Road,3,1425.0,2,74.31
4318,Old Madras Road,2,1210.0,2,80.0
4319,Old Madras Road,3,1859.0,3,121.0
4320,Old Madras Road,3,2990.0,5,173.0
4321,Old Madras Road,4,4000.0,4,225.0
4322,Old Madras Road,4,3900.0,4,175.0
4323,Old Madras Road,3,2300.0,3,142.0
4324,Old Madras Road,4,3630.0,6,207.0
4325,Old Madras Road,2,1210.0,2,80.0
4326,Old Madras Road,2,1210.0,2,77.0
4327,Old Madras Road,5,5020.0,7,287.0
4328,Old Madras Road,4,3715.0,6,212.5
4329,Old Madras Road,2,1330.0,2,74.0
4330,Old Madras Road,3,1720.0,3,106.0
4331,Old Madras Road,3,2640.0,5,150.0
4332,Old Madras Road,3,2990.0,3,170.0
4333,Old Madras Road,3,1530.0,3,76.34
4334,Old Madras Road,2,1171.0,2,73.0
4335,Old Madras Road,3,1630.0,3,110.0
4336,Old Madras Road,2,1165.0,2,52.0
4337,Old Madras Road,2,2640.0,2,170.0
4338,Old Madras Road,2,1165.0,2,51.42
4339,Padmanabhanagar,2,1020.0,2,63.0
4340,Padmanabhanagar,2,1176.0,2,62.0
4341,Padmanabhanagar,2,1258.0,2,115.0
4342,Padmanabhanagar,3,1708.0,2,90.5
4343,Padmanabhanagar,2,1100.0,2,65.0
4344,Padmanabhanagar,4,3400.0,3,210.0
4345,Padmanabhanagar,3,1531.0,2,75.0
4346,Padmanabhanagar,3,1400.0,3,65.0
4347,Padmanabhanagar,3,1360.0,2,75.0
4348,Padmanabhanagar,3,4500.0,4,360.0
4349,Padmanabhanagar,2,1200.0,2,60.0
4350,Padmanabhanagar,3,1710.0,2,90.63
4351,Padmanabhanagar,2,1000.0,1,90.0
4352,Padmanabhanagar,2,1067.0,2,52.0
4353,Padmanabhanagar,3,1250.0,2,70.0
4354,Padmanabhanagar,3,1350.0,3,71.55
4355,Padmanabhanagar,3,1360.0,3,75.0
4356,Padmanabhanagar,2,1100.0,2,60.0
4357,Padmanabhanagar,3,2051.0,3,180.0
4358,Padmanabhanagar,3,2051.0,3,170.0
4359,Panathur,2,1359.0,2,87.0
4360,Panathur,2,1438.0,2,100.0
4361,Panathur,3,1688.0,3,118.0
4362,Panathur,3,1695.0,3,90.0
4363,Panathur,2,1198.0,2,77.0
4364,Panathur,2,1180.0,2,70.0
4365,Panathur,3,1546.0,3,99.0
4366,Panathur,3,1370.0,2,75.0
4367,Panathur,2,1000.0,2,65.3
4368,Panathur,2,1109.0,2,63.0
4369,Panathur,2,1000.0,2,68.0
4370,Panathur,2,1255.0,2,79.0
4371,Panathur,2,1205.0,2,62.9
4372,Panathur,2,1198.0,2,82.0
4373,Panathur,2,1235.0,2,65.0
4374,Panathur,2,1210.0,2,80.0
4375,Panathur,2,1210.0,2,77.0
4376,Panathur,1,661.0,1,40.0
4377,Panathur,3,1713.0,3,120.0
4378,Panathur,2,1210.0,2,78.0
4379,Panathur,3,1861.0,3,92.0
4380,Panathur,2,1050.0,2,60.0
4381,Panathur,2,1398.0,2,97.0
4382,Panathur,2,1065.0,2,58.0
4383,Panathur,2,1007.0,2,64.0
4384,Panathur,2,1210.0,2,77.93
4385,Panathur,2,1230.0,2,80.0
4386,Panathur,2,980.0,2,57.0
4387,Panathur,2,1075.0,2,60.0
4388,Panathur,2,1210.0,2,69.0
4389,Panathur,2,1343.0,2,76.0
4390,R.T. Nagar,2,1200.0,2,120.0
4391,R.T. Nagar,3,1560.0,3,85.0
4392,R.T. Nagar,2,1040.0,2,46.0
4393,R.T. Nagar,2,1200.0,2,45.0
4394,R.T. Nagar,2,1235.0,2,65.0
4395,R.T. Nagar,2,970.0,2,55.0
4396,R.T. Nagar,3,1560.0,3,125.0
4397,R.T. Nagar,2,1200.0,2,60.0
4398,R.T. Nagar,3,1380.0,2,50.0
4399,R.T. Nagar,3,1680.0,3,72.0
4400,R.T. Nagar,3,1400.0,2,78.0
4401,R.T. Nagar,3,1200.0,3,140.0
4402,R.T. Nagar,2,1100.0,3,125.0
4403,R.T. Nagar,2,1150.0,2,72.0
4404,R.T. Nagar,9,3600.0,8,165.0
4405,R.T. Nagar,2,1080.0,2,48.0
4406,R.T. Nagar,2,1325.0,2,52.0
4407,R.T. Nagar,4,1800.0,3,120.0
4408,R.T. Nagar,3,1300.0,3,145.0
4409,R.T. Nagar,3,1500.0,2,70.0
4410,R.T. Nagar,2,1100.0,2,85.0
4411,R.T. Nagar,3,1667.0,3,130.0
4412,Rachenahalli,2,1050.0,2,52.07
4413,Rachenahalli,3,1530.0,2,74.5
4414,Rachenahalli,2,1050.0,2,55.5
4415,Rachenahalli,3,1530.0,2,74.4
4416,Rachenahalli,2,1050.0,2,53.5
4417,Rachenahalli,3,1530.0,2,74.39
4418,Rachenahalli,2,1220.0,2,59.5
4419,Rachenahalli,2,1050.0,2,52.5
4420,Rachenahalli,3,1550.0,3,73.5
4421,Rachenahalli,3,2721.0,3,113.0
4422,Rachenahalli,2,1050.0,2,52.1
4423,Rachenahalli,2,1050.0,2,53.5
4424,Rachenahalli,2,1113.0,2,55.0
4425,Rachenahalli,4,3657.0,5,220.0
4426,Rachenahalli,3,1550.0,3,74.5
4427,Rachenahalli,3,1530.0,2,74.4
4428,Rachenahalli,3,1530.0,2,74.5
4429,Rachenahalli,1,680.0,1,32.64
4430,Rachenahalli,2,1050.0,2,52.5
4431,Rachenahalli,3,1550.0,3,72.5
4432,Rachenahalli,3,1530.0,2,74.4
4433,Rachenahalli,1,690.0,1,39.8
4434,Rachenahalli,2,1200.0,2,50.0
4435,Rachenahalli,2,1050.0,2,47.25
4436,Rachenahalli,2,1050.0,2,55.5
4437,Rachenahalli,2,985.0,2,49.97
4438,Rachenahalli,2,1050.0,2,52.5
4439,Rachenahalli,2,1050.0,2,52.08
4440,Rachenahalli,3,1550.0,3,72.5
4441,Rachenahalli,2,1050.0,2,52.07
4442,Rachenahalli,3,1530.0,2,74.4
4443,Rachenahalli,2,1050.0,2,52.08
4444,Rachenahalli,2,985.0,2,49.97
4445,Rachenahalli,3,1856.0,3,106.0
4446,Rachenahalli,2,1050.0,2,52.5
4447,Rachenahalli,2,985.0,2,50.17
4448,Rachenahalli,3,2600.0,3,160.0
4449,Rachenahalli,3,1550.0,3,68.5
4450,Rachenahalli,3,1550.0,2,73.5
4451,Rachenahalli,2,985.0,2,50.17
4452,Rachenahalli,2,1050.0,2,52.71
4453,Raja Rajeshwari Nagar,3,1540.0,3,60.0
4454,Raja Rajeshwari Nagar,3,1693.0,3,57.39
4455,Raja Rajeshwari Nagar,2,1295.0,2,43.9
4456,Raja Rajeshwari Nagar,2,1145.0,2,45.79
4457,Raja Rajeshwari Nagar,2,1419.0,2,48.1
4458,Raja Rajeshwari Nagar,2,1295.0,2,55.47
4459,Raja Rajeshwari Nagar,2,1133.0,2,49.07
4460,Raja Rajeshwari Nagar,2,1090.0,2,42.0
4461,Raja Rajeshwari Nagar,2,1141.0,2,38.55
4462,Raja Rajeshwari Nagar,2,1140.0,2,49.39
4463,Raja Rajeshwari Nagar,2,1303.0,2,55.79
4464,Raja Rajeshwari Nagar,1,600.0,1,22.0
4465,Raja Rajeshwari Nagar,3,1278.0,2,53.76
4466,Raja Rajeshwari Nagar,1,500.0,1,25.0
4467,Raja Rajeshwari Nagar,2,1143.0,2,38.65
4468,Raja Rajeshwari Nagar,3,1610.0,3,74.0
4469,Raja Rajeshwari Nagar,3,1693.0,3,57.39
4470,Raja Rajeshwari Nagar,2,1258.0,2,63.53
4471,Raja Rajeshwari Nagar,2,1128.0,2,38.24
4472,Raja Rajeshwari Nagar,2,1157.0,2,53.8
4473,Raja Rajeshwari Nagar,2,1185.0,2,47.39
4474,Raja Rajeshwari Nagar,3,1530.0,3,57.0
4475,Raja Rajeshwari Nagar,3,1530.0,3,61.2
4476,Raja Rajeshwari Nagar,2,1030.0,2,50.0
4477,Raja Rajeshwari Nagar,2,1144.0,2,38.55
4478,Raja Rajeshwari Nagar,2,1196.0,2,51.51
4479,Raja Rajeshwari Nagar,2,1306.0,2,55.91
4480,Raja Rajeshwari Nagar,3,1608.0,3,67.98
4481,Raja Rajeshwari Nagar,3,1530.0,3,51.87
4482,Raja Rajeshwari Nagar,3,1575.0,2,78.0
4483,Raja Rajeshwari Nagar,2,1151.0,2,39.02
4484,Raja Rajeshwari Nagar,3,1570.0,2,65.0
4485,Raja Rajeshwari Nagar,3,1580.0,3,53.56
4486,Raja Rajeshwari Nagar,2,1196.0,2,51.15
4487,Raja Rajeshwari Nagar,2,1419.0,2,48.0
4488,Raja Rajeshwari Nagar,3,1560.0,2,62.4
4489,Raja Rajeshwari Nagar,1,648.0,1,31.75
4490,Raja Rajeshwari Nagar,2,1100.0,2,55.0
4491,Raja Rajeshwari Nagar,2,1140.0,2,38.55
4492,Raja Rajeshwari Nagar,2,1090.0,2,43.59
4493,Raja Rajeshwari Nagar,3,1530.0,3,51.77
4494,Raja Rajeshwari Nagar,2,1023.0,2,42.0
4495,Raja Rajeshwari Nagar,2,1070.0,2,50.0
4496,Raja Rajeshwari Nagar,3,1510.0,2,59.0
4497,Raja Rajeshwari Nagar,8,4800.0,8,225.0
4498,Raja Rajeshwari Nagar,2,1128.0,2,48.79
4499,Raja Rajeshwari Nagar,2,1267.0,2,42.85
4500,Raja Rajeshwari Nagar,1,550.0,1,21.0
4501,Raja Rajeshwari Nagar,2,1120.0,2,37.95
4502,Raja Rajeshwari Nagar,2,1210.0,2,45.0
4503,Raja Rajeshwari Nagar,2,1240.0,2,53.27
4504,Raja Rajeshwari Nagar,2,1165.0,2,45.0
4505,Raja Rajeshwari Nagar,2,1120.0,2,37.97
4506,Raja Rajeshwari Nagar,2,1140.0,2,38.65
4507,Raja Rajeshwari Nagar,2,1095.0,2,38.33
4508,Raja Rajeshwari Nagar,3,1420.0,2,60.0
4509,Raja Rajeshwari Nagar,2,1303.0,2,44.17
4510,Raja Rajeshwari Nagar,3,1580.0,3,53.56
4511,Raja Rajeshwari Nagar,2,1185.0,2,40.17
4512,Raja Rajeshwari Nagar,2,1140.0,2,49.27
4513,Raja Rajeshwari Nagar,3,1430.0,2,50.0
4514,Raja Rajeshwari Nagar,2,1095.0,2,38.33
4515,Raja Rajeshwari Nagar,3,1280.0,3,57.6
4516,Raja Rajeshwari Nagar,2,1303.0,2,55.79
4517,Raja Rajeshwari Nagar,2,1133.0,2,38.41
4518,Raja Rajeshwari Nagar,2,1151.0,2,49.0
4519,Raja Rajeshwari Nagar,2,1267.0,2,54.35
4520,Raja Rajeshwari Nagar,3,1550.0,3,52.45
4521,Raja Rajeshwari Nagar,2,1100.0,2,50.0
4522,Raja Rajeshwari Nagar,2,1185.0,2,40.17
4523,Raja Rajeshwari Nagar,3,1751.0,3,72.0
4524,Raja Rajeshwari Nagar,2,1306.0,2,44.17
4525,Raja Rajeshwari Nagar,2,1196.0,2,40.44
4526,Raja Rajeshwari Nagar,2,1128.0,2,40.0
4527,Raja Rajeshwari Nagar,2,1151.0,2,39.0
4528,Raja Rajeshwari Nagar,3,1375.0,2,54.99
4529,Raja Rajeshwari Nagar,2,1060.0,2,48.0
4530,Raja Rajeshwari Nagar,6,3900.0,6,195.0
4531,Raja Rajeshwari Nagar,2,1128.0,2,48.79
4532,Raja Rajeshwari Nagar,3,1400.0,2,48.0
4533,Raja Rajeshwari Nagar,2,1170.0,2,50.0
4534,Raja Rajeshwari Nagar,2,1185.0,2,51.15
4535,Raja Rajeshwari Nagar,2,1255.0,2,53.87
4536,Raja Rajeshwari Nagar,2,1419.0,2,60.42
4537,Raja Rajeshwari Nagar,3,1693.0,3,71.38
4538,Raja Rajeshwari Nagar,2,1196.0,2,40.54
4539,Raja Rajeshwari Nagar,2,1196.0,2,40.54
4540,Raja Rajeshwari Nagar,3,1630.0,3,60.65
4541,Raja Rajeshwari Nagar,3,1531.0,3,51.77
4542,Raja Rajeshwari Nagar,2,1133.0,2,38.37
4543,Raja Rajeshwari Nagar,2,1140.0,2,48.7
4544,Raja Rajeshwari Nagar,2,1140.0,2,38.65
4545,Raja Rajeshwari Nagar,2,1140.0,2,38.55
4546,Raja Rajeshwari Nagar,2,1295.0,2,55.47
4547,Raja Rajeshwari Nagar,2,1133.0,2,40.0
4548,Raja Rajeshwari Nagar,3,1510.0,2,55.0
4549,Raja Rajeshwari Nagar,2,1110.0,2,52.0
4550,Raja Rajeshwari Nagar,3,1608.0,3,54.51
4551,Raja Rajeshwari Nagar,3,1500.0,3,51.04
4552,Raja Rajeshwari Nagar,2,1185.0,2,51.15
4553,Raja Rajeshwari Nagar,2,1295.0,2,43.9
4554,Raja Rajeshwari Nagar,3,1279.0,2,53.76
4555,Raja Rajeshwari Nagar,2,1196.0,2,40.54
4556,Raja Rajeshwari Nagar,2,1240.0,2,42.04
4557,Raja Rajeshwari Nagar,3,1530.0,3,64.0
4558,Raja Rajeshwari Nagar,3,1587.0,3,73.8
4559,Raja Rajeshwari Nagar,3,1529.0,3,51.77
4560,Raja Rajeshwari Nagar,2,1295.0,2,55.47
4561,Raja Rajeshwari Nagar,3,1450.0,2,67.0
4562,Raja Rajeshwari Nagar,2,945.0,2,45.0
4563,Raja Rajeshwari Nagar,2,1303.0,2,55.78
4564,Raja Rajeshwari Nagar,2,1419.0,2,48.1
4565,Raja Rajeshwari Nagar,3,1700.0,2,86.0
4566,Raja Rajeshwari Nagar,2,1270.0,2,62.0
4567,Raja Rajeshwari Nagar,3,1260.0,2,62.0
4568,Raja Rajeshwari Nagar,2,1196.0,2,40.54
4569,Raja Rajeshwari Nagar,3,1580.0,2,66.85
4570,Raja Rajeshwari Nagar,2,1050.0,2,37.0
4571,Raja Rajeshwari Nagar,2,1196.0,2,40.54
4572,Raja Rajeshwari Nagar,2,1206.0,2,40.7
4573,Raja Rajeshwari Nagar,2,1000.0,2,50.0
4574,Raja Rajeshwari Nagar,3,1485.0,2,63.0
4575,Raja Rajeshwari Nagar,3,1335.0,2,56.0
4576,Raja Rajeshwari Nagar,3,1571.0,3,53.12
4577,Raja Rajeshwari Nagar,2,1255.0,2,42.54
4578,Raja Rajeshwari Nagar,3,1530.0,3,64.86
4579,Raja Rajeshwari Nagar,2,1140.0,2,44.0
4580,Raja Rajeshwari Nagar,8,6000.0,8,215.0
4581,Raja Rajeshwari Nagar,2,1140.0,2,39.0
4582,Raja Rajeshwari Nagar,1,510.0,1,22.0
4583,Raja Rajeshwari Nagar,2,1187.0,2,40.14
4584,Rajaji Nagar,3,1640.0,3,229.0
4585,Rajaji Nagar,3,2390.0,3,415.0
4586,Rajaji Nagar,3,2390.0,3,410.0
4587,Rajaji Nagar,3,1725.0,3,200.0
4588,Rajaji Nagar,4,3516.0,4,540.0
4589,Rajaji Nagar,3,1640.0,3,223.0
4590,Rajaji Nagar,4,3526.0,4,492.0
4591,Rajaji Nagar,4,3526.0,4,558.0
4592,Rajaji Nagar,4,3539.5,2,424.5
4593,Rajaji Nagar,5,2849.0,5,300.0
4594,Rajaji Nagar,3,1800.0,3,260.0
4595,Rajaji Nagar,3,1640.0,3,241.0
4596,Rajaji Nagar,2,1370.0,2,170.0
4597,Rajaji Nagar,3,2409.0,3,360.0
4598,Rajaji Nagar,4,3436.0,6,475.0
4599,Rajaji Nagar,2,1718.0,3,288.0
4600,Rajaji Nagar,3,2386.0,3,334.0
4601,Rajaji Nagar,4,3436.0,6,500.0
4602,Rajaji Nagar,2,1200.0,2,150.0
4603,Rajaji Nagar,2,1160.0,1,163.0
4604,Rajaji Nagar,2,1222.0,2,112.0
4605,Rajaji Nagar,1,660.0,1,75.0
4606,Rajaji Nagar,2,1440.0,2,170.0
4607,Rajaji Nagar,3,2448.0,3,400.0
4608,Rajaji Nagar,2,1440.0,2,185.0
4609,Rajaji Nagar,3,1640.0,3,230.0
4610,Rajaji Nagar,4,2648.0,5,251.5
4611,Rajaji Nagar,4,3730.0,4,370.0
4612,Rajaji Nagar,3,1800.0,2,250.0
4613,Rajaji Nagar,4,3100.0,4,550.0
4614,Rajaji Nagar,4,3526.0,4,598.0
4615,Rajaji Nagar,2,1357.0,2,130.0
4616,Rajaji Nagar,3,2300.0,3,369.0
4617,Rajaji Nagar,3,1640.0,3,220.0
4618,Rajaji Nagar,3,2500.0,3,350.0
4619,Rajaji Nagar,3,1615.0,3,175.0
4620,Rajaji Nagar,3,1776.0,3,190.0
4621,Rajaji Nagar,3,2559.0,3,403.0
4622,Rajaji Nagar,2,1763.0,3,262.0
4623,Rajaji Nagar,3,1640.0,3,220.0
4624,Rajaji Nagar,3,1613.0,3,150.0
4625,Rajaji Nagar,3,1380.0,3,130.0
4626,Rajaji Nagar,5,2400.0,3,320.0
4627,Rajaji Nagar,3,1800.0,3,240.0
4628,Rajaji Nagar,3,2533.0,3,425.0
4629,Rajaji Nagar,2,1268.0,2,127.0
4630,Rajaji Nagar,3,2450.0,3,330.0
4631,Rajaji Nagar,3,1640.0,3,262.0
4632,Rajaji Nagar,2,1200.0,1,200.0
4633,Rajaji Nagar,3,2367.0,3,375.0
4634,Rajaji Nagar,4,2440.0,2,415.0
4635,Rajaji Nagar,3,1640.0,3,251.0
4636,Rajaji Nagar,4,2733.0,5,259.0
4637,Rajaji Nagar,3,1640.0,3,268.0
4638,Rajaji Nagar,3,2367.0,4,340.0
4639,Rajaji Nagar,3,1720.0,3,224.0
4640,Rajaji Nagar,5,3600.0,5,510.0
4641,Rajaji Nagar,3,1700.0,3,200.0
4642,Rajaji Nagar,3,2300.0,4,240.0
4643,Rajaji Nagar,5,2400.0,5,408.0
4644,Rajaji Nagar,3,2500.0,3,340.0
4645,Rajaji Nagar,3,2390.0,3,372.0
4646,Rajaji Nagar,3,2415.0,3,399.0
4647,Rajaji Nagar,2,1718.0,3,275.0
4648,Rajaji Nagar,2,1763.0,3,240.0
4649,Rajaji Nagar,3,2367.0,3,320.0
4650,Rajaji Nagar,3,2409.0,3,395.0
4651,Rajaji Nagar,2,1314.0,2,225.0
4652,Rajaji Nagar,2,1440.0,2,165.0
4653,Rajaji Nagar,3,1640.0,3,245.0
4654,Ramagondanahalli,2,1151.0,2,48.77
4655,Ramagondanahalli,2,1251.0,2,47.0
4656,Ramagondanahalli,2,1235.0,2,52.04
4657,Ramagondanahalli,3,1610.0,2,111.0
4658,Ramagondanahalli,1,540.0,1,30.0
4659,Ramagondanahalli,3,1635.0,3,62.0
4660,Ramagondanahalli,2,1235.0,2,46.8
4661,Ramagondanahalli,2,1215.0,2,51.26
4662,Ramagondanahalli,3,2257.0,4,157.0
4663,Ramagondanahalli,2,1251.0,2,47.4
4664,Ramagondanahalli,3,1610.0,2,115.0
4665,Ramagondanahalli,2,920.0,2,65.0
4666,Ramagondanahalli,2,1215.0,2,45.5
4667,Ramagondanahalli,4,2800.0,4,155.0
4668,Ramagondanahalli,2,1253.0,2,52.66
4669,Ramagondanahalli,2,1295.0,2,95.0
4670,Ramagondanahalli,2,1151.0,2,50.5
4671,Ramagondanahalli,2,1235.0,2,49.3
4672,Ramagondanahalli,3,2257.0,3,159.0
4673,Ramagondanahalli,2,1295.0,2,95.0
4674,Ramagondanahalli,3,1451.0,3,60.44
4675,Ramagondanahalli,3,1910.0,3,142.0
4676,Ramagondanahalli,2,1215.0,2,46.1
4677,Ramagondanahalli,3,1475.0,2,63.0
4678,Ramagondanahalli,2,1251.0,2,50.0
4679,Ramagondanahalli,3,1610.0,2,115.0
4680,Ramagondanahalli,2,1151.0,2,43.6
4681,Ramagondanahalli,3,1635.0,3,61.0
4682,Ramagondanahalli,2,1251.0,2,53.0
4683,Ramagondanahalli,2,845.0,2,45.82
4684,Ramagondanahalli,3,1910.0,3,150.0
4685,Ramagondanahalli,3,1738.0,2,76.0
4686,Ramagondanahalli,3,2040.0,3,114.0
4687,Ramagondanahalli,3,3350.0,3,150.0
4688,Ramagondanahalli,2,1251.0,2,46.0
4689,Ramagondanahalli,3,1635.0,3,57.0
4690,Ramagondanahalli,2,1151.0,2,46.0
4691,Ramagondanahalli,3,1610.0,2,112.0
4692,Ramagondanahalli,3,1610.0,2,115.0
4693,Ramagondanahalli,3,1200.0,3,56.1
4694,Ramagondanahalli,4,2787.0,5,220.0
4695,Ramagondanahalli,3,1475.0,2,55.0
4696,Ramagondanahalli,2,1125.0,2,75.0
4697,Ramagondanahalli,2,1151.0,2,42.5
4698,Ramagondanahalli,3,2257.0,3,155.0
4699,Ramagondanahalli,3,1500.0,3,100.0
4700,Ramagondanahalli,3,1680.0,2,68.0
4701,Ramagondanahalli,3,1910.0,3,131.0
4702,Ramamurthy Nagar,4,3700.0,4,225.0
4703,Ramamurthy Nagar,5,3500.0,5,150.0
4704,Ramamurthy Nagar,2,1050.0,2,37.0
4705,Ramamurthy Nagar,2,1040.0,2,50.0
4706,Ramamurthy Nagar,3,1600.0,3,75.0
4707,Ramamurthy Nagar,2,1200.0,3,72.0
4708,Ramamurthy Nagar,2,950.0,2,50.79
4709,Ramamurthy Nagar,3,1200.0,2,66.0
4710,Ramamurthy Nagar,3,1525.0,3,100.0
4711,Ramamurthy Nagar,2,1200.0,2,80.0
4712,Ramamurthy Nagar,2,1200.0,2,42.0
4713,Ramamurthy Nagar,3,1515.0,3,65.0
4714,Ramamurthy Nagar,2,1100.0,2,68.0
4715,Ramamurthy Nagar,2,1185.0,2,45.5
4716,Ramamurthy Nagar,2,1170.0,2,46.8
4717,Ramamurthy Nagar,2,1150.0,2,51.0
4718,Ramamurthy Nagar,2,1200.0,2,48.0
4719,Ramamurthy Nagar,3,3600.0,3,150.0
4720,Ramamurthy Nagar,2,1110.0,2,65.0
4721,Ramamurthy Nagar,3,1410.0,2,56.4
4722,Ramamurthy Nagar,2,1200.0,2,78.0
4723,Ramamurthy Nagar,1,600.0,1,43.0
4724,Ramamurthy Nagar,2,1006.0,2,57.0
4725,Ramamurthy Nagar,2,1200.0,2,76.0
4726,Ramamurthy Nagar,3,1300.0,2,52.0
4727,Ramamurthy Nagar,3,1600.0,3,75.0
4728,Ramamurthy Nagar,2,1125.0,2,47.0
4729,Ramamurthy Nagar,2,1000.0,2,62.0
4730,Ramamurthy Nagar,2,1334.0,2,67.0
4731,Ramamurthy Nagar,2,1200.0,2,46.0
4732,Ramamurthy Nagar,2,1200.0,2,57.9
4733,Ramamurthy Nagar,3,1305.0,3,60.0
4734,Ramamurthy Nagar,2,1360.0,2,45.0
4735,Ramamurthy Nagar,2,1170.0,2,44.0
4736,Ramamurthy Nagar,4,2200.0,4,130.0
4737,Ramamurthy Nagar,1,1276.0,1,48.0
4738,Ramamurthy Nagar,2,1050.0,2,51.66
4739,Ramamurthy Nagar,3,2316.0,3,125.0
4740,Ramamurthy Nagar,2,1101.0,2,50.0
4741,Ramamurthy Nagar,2,1150.0,2,40.0
4742,Ramamurthy Nagar,3,1208.0,2,43.5
4743,Ramamurthy Nagar,2,1050.0,2,37.8
4744,Ramamurthy Nagar,2,935.0,2,39.0
4745,Ramamurthy Nagar,2,1200.0,2,68.0
4746,Ramamurthy Nagar,1,540.0,1,35.0
4747,Ramamurthy Nagar,2,960.0,2,35.0
4748,Rayasandra,3,1314.0,2,63.0
4749,Rayasandra,2,1065.0,2,44.95
4750,Rayasandra,3,1708.0,3,75.0
4751,Rayasandra,3,1577.0,3,67.0
4752,Rayasandra,2,1253.0,2,57.0
4753,Rayasandra,1,583.0,1,26.9
4754,Rayasandra,2,1198.0,2,54.0
4755,Rayasandra,3,1555.0,3,75.17
4756,Rayasandra,3,1458.0,3,60.0
4757,Rayasandra,3,1601.0,3,70.0
4758,Rayasandra,4,1708.0,3,76.0
4759,Rayasandra,1,470.0,1,21.0
4760,Rayasandra,5,3600.0,5,145.0
4761,Rayasandra,3,1357.0,2,59.0
4762,Sahakara Nagar,4,2830.0,3,195.0
4763,Sahakara Nagar,3,1500.0,2,95.0
4764,Sahakara Nagar,2,1100.0,2,56.0
4765,Sahakara Nagar,2,1219.0,2,48.0
4766,Sahakara Nagar,3,1655.0,3,115.0
4767,Sahakara Nagar,2,1150.0,2,54.0
4768,Sahakara Nagar,2,1270.0,2,69.85
4769,Sahakara Nagar,2,960.0,2,56.0
4770,Sahakara Nagar,2,1048.0,2,50.0
4771,Sahakara Nagar,2,1160.0,2,55.0
4772,Sahakara Nagar,3,1200.0,2,75.0
4773,Sahakara Nagar,4,2500.0,4,200.0
4774,Sahakara Nagar,3,1914.0,3,179.0
4775,Sahakara Nagar,3,1500.0,3,125.0
4776,Sahakara Nagar,2,1100.0,2,55.0
4777,Sahakara Nagar,3,1914.0,3,149.0
4778,Sahakara Nagar,2,1000.0,2,60.0
4779,Sahakara Nagar,3,2200.0,3,98.0
4780,Sahakara Nagar,2,1175.0,2,49.0
4781,Sahakara Nagar,3,1370.0,2,90.0
4782,Sahakara Nagar,2,1100.0,2,55.0
4783,Sahakara Nagar,2,1180.0,2,72.0
4784,Sahakara Nagar,2,1200.0,2,60.0
4785,Sahakara Nagar,2,1032.0,2,45.0
4786,Sahakara Nagar,2,1200.0,2,46.0
4787,Sahakara Nagar,2,1270.0,2,96.0
4788,Sahakara Nagar,2,1201.0,2,80.0
4789,Sahakara Nagar,2,1200.0,2,54.0
4790,Sahakara Nagar,2,1291.0,2,72.3
4791,Sarjapur,3,2250.0,3,148.0
4792,Sarjapur,3,1600.0,3,75.0
4793,Sarjapur,2,1242.5,2,43.49
4794,Sarjapur,2,913.0,2,32.0
4795,Sarjapur,2,1128.0,2,60.0
4796,Sarjapur,2,1185.0,2,47.0
4797,Sarjapur,1,649.5,1,17.535
4798,Sarjapur,2,1020.0,2,35.0
4799,Sarjapur,2,1195.0,2,42.0
4800,Sarjapur,2,1240.0,2,44.0
4801,Sarjapur,3,1276.0,3,76.0
4802,Sarjapur,2,950.0,2,32.5
4803,Sarjapur,3,1285.0,2,68.0
4804,Sarjapur,3,1525.0,2,48.0
4805,Sarjapur,2,925.0,2,25.0
4806,Sarjapur,4,3190.0,3,160.0
4807,Sarjapur,2,1215.0,2,40.0
4808,Sarjapur,4,2540.0,4,115.0
4809,Sarjapur,3,1200.0,3,78.0
4810,Sarjapur,2,1000.0,2,30.0
4811,Sarjapur,2,1157.0,2,40.0
4812,Sarjapur,3,2238.0,3,140.0
4813,Sarjapur,3,2020.0,3,85.0
4814,Sarjapur,4,2885.0,3,185.0
4815,Sarjapur,4,1917.0,3,60.0
4816,Sarjapur,2,1240.0,2,44.3
4817,Sarjapur,1,625.0,1,19.0
4818,Sarjapur,4,2585.5,4,139.5
4819,Sarjapur,2,940.0,2,25.38
4820,Sarjapur,4,2100.0,3,125.0
4821,Sarjapur,2,913.0,2,36.0
4822,Sarjapur,3,1404.0,2,53.35
4823,Sarjapur,3,1830.0,3,88.0
4824,Sarjapur,3,1364.0,2,56.0
4825,Sarjapur,2,1124.0,2,30.35
4826,Sarjapur,2,1044.0,2,32.0
4827,Sarjapur,1,650.0,1,19.87
4828,Sarjapur,2,1175.0,2,42.0
4829,Sarjapur,2,1240.0,2,43.1
4830,Sarjapur,2,1032.0,2,42.0
4831,Sarjapur,4,2302.5,2,80.59
4832,Sarjapur,2,1044.0,2,34.0
4833,Sarjapur,3,1200.0,3,76.13
4834,Sarjapur,2,1200.0,2,62.0
4835,Sarjapur,2,900.0,2,27.98
4836,Sarjapur,4,2970.0,3,130.0
4837,Sarjapur,2,1205.0,2,29.0
4838,Sarjapur,2,850.0,2,32.0
4839,Sarjapur,2,1175.0,2,41.68
4840,Sarjapur,3,1575.0,3,55.0
4841,Sarjapur,2,920.0,2,33.0
4842,Sarjapur,3,1445.0,3,50.0
4843,Sarjapur,2,1150.0,2,41.0
4844,Sarjapur,2,1200.0,2,42.6
4845,Sarjapur,3,1333.0,3,50.0
4846,Sarjapur,2,1044.0,2,36.0
4847,Sarjapur,2,950.0,2,35.0
4848,Sarjapur,4,2585.5,4,115.0
4849,Sarjapur,3,2172.0,3,100.0
4850,Sarjapur,1,633.0,1,17.09
4851,Sarjapur,3,1500.0,5,95.0
4852,Sarjapur,2,1451.0,2,87.0
4853,Sarjapur,4,2400.0,3,140.0
4854,Sarjapur,3,1525.0,2,68.0
4855,Sarjapur,2,1095.0,2,45.0
4856,Sarjapur,3,1425.0,3,57.0
4857,Sarjapur  Road,3,2497.0,3,140.0
4858,Sarjapur  Road,3,1787.0,3,98.29
4859,Sarjapur  Road,3,1787.0,3,125.0
4860,Sarjapur  Road,2,984.0,2,44.28
4861,Sarjapur  Road,2,1035.0,2,49.2
4862,Sarjapur  Road,4,1863.0,3,104.0
4863,Sarjapur  Road,2,1000.0,2,67.0
4864,Sarjapur  Road,2,1346.0,2,74.03
4865,Sarjapur  Road,2,1195.0,2,70.0
4866,Sarjapur  Road,3,1550.0,3,100.0
4867,Sarjapur  Road,3,2100.0,3,125.0
4868,Sarjapur  Road,2,1210.0,2,58.0
4869,Sarjapur  Road,3,1691.0,3,113.0
4870,Sarjapur  Road,2,1278.0,2,95.0
4871,Sarjapur  Road,3,2238.0,3,140.0
4872,Sarjapur  Road,3,1800.0,3,110.0
4873,Sarjapur  Road,2,1115.0,2,50.0
4874,Sarjapur  Road,2,1346.0,2,61.92
4875,Sarjapur  Road,3,1984.0,4,146.0
4876,Sarjapur  Road,2,1035.0,2,45.0
4877,Sarjapur  Road,2,1128.0,2,59.0
4878,Sarjapur  Road,3,1495.0,2,64.0
4879,Sarjapur  Road,3,1700.0,3,110.0
4880,Sarjapur  Road,2,1282.0,2,72.0
4881,Sarjapur  Road,4,4111.0,4,310.0
4882,Sarjapur  Road,4,3430.0,6,228.5
4883,Sarjapur  Road,4,3900.0,4,300.0
4884,Sarjapur  Road,2,1300.0,2,60.0
4885,Sarjapur  Road,2,1000.0,2,40.0
4886,Sarjapur  Road,2,1050.0,2,62.0
4887,Sarjapur  Road,3,1700.0,3,135.0
4888,Sarjapur  Road,3,1691.0,3,119.0
4889,Sarjapur  Road,3,1846.0,3,140.0
4890,Sarjapur  Road,3,1200.0,3,95.0
4891,Sarjapur  Road,3,1929.0,4,103.0
4892,Sarjapur  Road,2,1155.0,2,58.0
4893,Sarjapur  Road,3,1819.0,3,100.0
4894,Sarjapur  Road,3,1845.0,4,110.0
4895,Sarjapur  Road,2,1233.0,2,77.65
4896,Sarjapur  Road,4,4395.0,4,242.0
4897,Sarjapur  Road,3,1220.0,3,56.0
4898,Sarjapur  Road,4,3750.0,6,290.0
4899,Sarjapur  Road,3,1428.0,2,66.0
4900,Sarjapur  Road,3,1680.0,3,112.0
4901,Sarjapur  Road,2,1255.0,2,92.0
4902,Sarjapur  Road,3,1220.0,3,58.0
4903,Sarjapur  Road,2,1311.0,2,78.0
4904,Sarjapur  Road,3,1220.0,3,56.0
4905,Sarjapur  Road,2,1145.0,2,75.0
4906,Sarjapur  Road,3,1300.0,2,70.0
4907,Sarjapur  Road,2,1390.0,2,62.0
4908,Sarjapur  Road,3,1725.0,3,90.0
4909,Sarjapur  Road,3,1476.0,2,98.94
4910,Sarjapur  Road,3,2180.0,3,170.0
4911,Sarjapur  Road,2,1084.0,2,55.0
4912,Sarjapur  Road,3,1220.0,3,62.0
4913,Sarjapur  Road,3,1750.0,3,110.0
4914,Sarjapur  Road,3,1888.0,4,95.0
4915,Sarjapur  Road,3,1300.0,3,60.0
4916,Sarjapur  Road,3,1200.0,3,70.0
4917,Sarjapur  Road,3,2600.0,3,200.0
4918,Sarjapur  Road,5,5965.0,5,385.0
4919,Sarjapur  Road,1,685.0,1,40.0
4920,Sarjapur  Road,2,915.0,2,38.0
4921,Sarjapur  Road,3,2720.0,5,210.0
4922,Sarjapur  Road,2,1241.0,2,82.0
4923,Sarjapur  Road,2,984.0,2,45.91
4924,Sarjapur  Road,2,1400.0,2,68.0
4925,Sarjapur  Road,4,3785.0,6,280.0
4926,Sarjapur  Road,1,835.0,1,46.95
4927,Sarjapur  Road,2,1280.0,2,76.0
4928,Sarjapur  Road,2,1145.0,2,49.5
4929,Sarjapur  Road,3,1470.0,3,62.0
4930,Sarjapur  Road,2,1263.0,2,78.0
4931,Sarjapur  Road,3,1691.0,3,98.0
4932,Sarjapur  Road,4,3416.5,6,143.0
4933,Sarjapur  Road,2,1308.0,2,83.0
4934,Sarjapur  Road,3,1592.0,3,91.0
4935,Sarjapur  Road,2,1016.0,2,45.0
4936,Sarjapur  Road,2,1150.0,2,77.0
4937,Sarjapur  Road,3,1965.0,3,120.0
4938,Sarjapur  Road,3,2275.0,4,180.0
4939,Sarjapur  Road,2,985.0,2,49.0
4940,Sarjapur  Road,2,1418.0,2,78.0
4941,Sarjapur  Road,2,1200.0,2,93.0
4942,Sarjapur  Road,3,1586.0,3,70.0
4943,Sarjapur  Road,2,1260.0,2,53.0
4944,Sarjapur  Road,2,1115.0,2,60.0
4945,Sarjapur  Road,3,1525.0,2,87.0
4946,Sarjapur  Road,2,1346.0,2,71.32
4947,Sarjapur  Road,5,3905.0,7,290.0
4948,Sarjapur  Road,2,915.0,2,37.0
4949,Sarjapur  Road,1,715.0,1,29.0
4950,Sarjapur  Road,2,1230.0,2,94.5
4951,Sarjapur  Road,3,1750.0,3,99.0
4952,Sarjapur  Road,2,1145.0,2,62.0
4953,Sarjapur  Road,3,1500.0,3,88.0
4954,Sarjapur  Road,2,1190.0,2,50.0
4955,Sarjapur  Road,3,1846.0,3,145.0
4956,Sarjapur  Road,2,1067.0,2,60.0
4957,Sarjapur  Road,5,3200.0,5,140.0
4958,Sarjapur  Road,3,1700.0,3,95.0
4959,Sarjapur  Road,2,1230.0,2,65.0
4960,Sarjapur  Road,3,1939.0,3,98.0
4961,Sarjapur  Road,4,3785.0,5,280.0
4962,Sarjapur  Road,3,2556.0,3,169.0
4963,Sarjapur  Road,2,1278.0,2,90.0
4964,Sarjapur  Road,2,984.0,2,45.91
4965,Sarjapur  Road,2,1305.0,2,99.0
4966,Sarjapur  Road,3,1755.0,3,122.0
4967,Sarjapur  Road,4,4334.0,2,338.0
4968,Sarjapur  Road,2,1120.0,2,50.0
4969,Sarjapur  Road,3,1700.0,3,93.5
4970,Sarjapur  Road,3,1403.0,3,56.0
4971,Sarjapur  Road,2,1060.0,2,55.0
4972,Sarjapur  Road,3,1455.0,2,98.0
4973,Sarjapur  Road,3,1850.0,3,140.0
4974,Sarjapur  Road,1,950.0,1,39.9
4975,Sarjapur  Road,3,1826.0,3,130.0
4976,Sarjapur  Road,2,1115.0,2,50.0
4977,Sarjapur  Road,3,1220.0,3,58.0
4978,Sarjapur  Road,3,1660.0,2,116.0
4979,Sarjapur  Road,3,1700.0,3,108.0
4980,Sarjapur  Road,3,1539.0,3,85.0
4981,Sarjapur  Road,3,1489.0,2,82.0
4982,Sarjapur  Road,3,1550.0,2,69.75
4983,Sarjapur  Road,2,1200.0,2,75.0
4984,Sarjapur  Road,2,1115.0,2,50.0
4985,Sarjapur  Road,2,1308.0,2,58.86
4986,Sarjapur  Road,2,920.0,2,40.0
4987,Sarjapur  Road,3,3044.0,3,183.0
4988,Sarjapur  Road,3,3004.0,4,158.0
4989,Sarjapur  Road,3,1877.0,4,150.0
4990,Sarjapur  Road,2,1115.0,2,50.0
4991,Sarjapur  Road,2,1229.0,2,70.0
4992,Sarjapur  Road,2,1342.0,2,70.0
4993,Sarjapur  Road,3,1711.0,3,110.0
4994,Sarjapur  Road,3,1484.0,2,65.0
4995,Sarjapur  Road,2,1115.0,2,50.0
4996,Sarjapur  Road,3,1220.0,3,57.0
4997,Sarjapur  Road,2,1050.0,2,63.5
4998,Sarjapur  Road,2,1350.0,2,102.0
4999,Sarjapur  Road,4,2990.0,4,240.0
5000,Sarjapur  Road,2,1035.0,2,49.0
5001,Sarjapur  Road,3,1457.0,3,85.0
5002,Sarjapur  Road,3,1685.0,3,135.0
5003,Sarjapur  Road,2,1350.0,2,68.0
5004,Sarjapur  Road,3,1200.0,3,70.0
5005,Sarjapur  Road,3,1385.0,3,55.0
5006,Sarjapur  Road,3,1700.0,3,79.9
5007,Sarjapur  Road,2,984.0,2,55.0
5008,Sarjapur  Road,4,1864.0,3,105.0
5009,Sarjapur  Road,4,3385.5,6,142.0
5010,Sarjapur  Road,2,1320.0,2,100.0
5011,Sarjapur  Road,3,1984.0,4,145.0
5012,Sarjapur  Road,3,1773.5,2,85.125
5013,Sarjapur  Road,4,1800.0,3,90.0
5014,Sarjapur  Road,5,7800.0,6,385.0
5015,Sarjapur  Road,3,1550.0,2,89.0
5016,Sarjapur  Road,3,1691.0,3,113.0
5017,Sarjapur  Road,3,2070.0,4,160.0
5018,Sarjapur  Road,3,1220.0,3,56.0
5019,Sarjapur  Road,3,1435.0,3,90.0
5020,Sarjapur  Road,2,1194.0,2,51.0
5021,Sarjapur  Road,2,1262.0,2,67.0
5022,Sarjapur  Road,3,1693.0,3,125.0
5023,Sarjapur  Road,3,1826.0,3,125.0
5024,Sarjapur  Road,3,1660.0,3,116.0
5025,Sarjapur  Road,2,1060.0,2,50.0
5026,Sarjapur  Road,3,1830.0,3,119.0
5027,Sarjapur  Road,2,984.0,2,45.91
5028,Sarjapur  Road,3,1929.0,4,101.0
5029,Sarjapur  Road,3,1525.0,2,65.0
5030,Sarjapur  Road,2,1059.0,2,68.0
5031,Sarjapur  Road,3,1577.0,3,65.0
5032,Sarjapur  Road,3,1700.0,3,118.0
5033,Sarjapur  Road,3,1691.0,3,120.0
5034,Sarjapur  Road,3,1929.0,3,103.0
5035,Sarjapur  Road,2,1308.0,2,75.0
5036,Sarjapur  Road,3,1580.0,3,125.0
5037,Sarjapur  Road,3,1797.0,4,95.0
5038,Sarjapur  Road,3,1763.25,3,98.0
5039,Sarjapur  Road,3,1826.0,3,130.0
5040,Sarjapur  Road,3,1550.0,2,98.0
5041,Sarjapur  Road,2,1145.0,2,49.5
5042,Sarjapur  Road,3,1450.0,2,75.0
5043,Sarjapur  Road,3,1819.0,3,100.0
5044,Sarjapur  Road,2,984.0,2,59.0
5045,Sarjapur  Road,3,1489.0,3,88.0
5046,Sarjapur  Road,1,702.0,1,52.0
5047,Sarjapur  Road,2,1242.0,2,75.0
5048,Sarjapur  Road,3,2275.0,4,185.0
5049,Sarjapur  Road,3,2100.0,3,135.0
5050,Sarjapur  Road,3,1700.0,3,93.5
5051,Sarjapur  Road,3,1862.0,4,110.0
5052,Sarjapur  Road,3,2275.0,4,175.0
5053,Sarjapur  Road,3,1787.0,3,116.0
5054,Sarjapur  Road,3,1691.0,3,93.01
5055,Sarjapur  Road,2,1028.0,2,56.0
5056,Sarjapur  Road,4,4395.0,4,242.0
5057,Sarjapur  Road,3,1691.0,3,100.0
5058,Sarjapur  Road,2,1026.0,2,60.55
5059,Sarjapur  Road,2,1350.0,2,85.0
5060,Sarjapur  Road,2,1019.0,2,62.0
5061,Sarjapur  Road,4,3418.0,3,235.0
5062,Sarjapur  Road,1,691.0,1,31.1
5063,Sarjapur  Road,2,994.0,2,45.0
5064,Sarjapur  Road,4,3913.0,5,176.0
5065,Sarjapur  Road,2,1130.0,2,55.0
5066,Sarjapur  Road,3,1881.0,3,145.0
5067,Sarjapur  Road,3,2275.0,4,182.0
5068,Sarjapur  Road,3,1525.0,2,65.0
5069,Sarjapur  Road,2,1346.0,2,67.38
5070,Sarjapur  Road,3,1881.0,3,145.0
5071,Sarjapur  Road,2,1045.0,2,42.15
5072,Sarjapur  Road,4,2880.0,3,211.0
5073,Sarjapur  Road,4,3418.0,2,222.0
5074,Sarjapur  Road,2,984.0,2,45.91
5075,Sarjapur  Road,1,675.0,1,27.0
5076,Sarjapur  Road,3,1773.5,2,102.92
5077,Sarjapur  Road,2,1346.0,2,74.03
5078,Sarjapur  Road,3,1691.0,3,119.0
5079,Sarjapur  Road,2,1335.0,2,95.0
5080,Sarjapur  Road,3,1525.0,2,63.0
5081,Sarjapur  Road,3,1680.0,3,126.0
5082,Sarjapur  Road,3,1222.0,2,68.0
5083,Sarjapur  Road,4,3420.0,4,225.0
5084,Sarjapur  Road,3,1510.0,2,110.0
5085,Sarjapur  Road,2,1242.0,2,78.0
5086,Sarjapur  Road,3,1665.0,3,74.93
5087,Sarjapur  Road,2,1129.0,2,69.0
5088,Sarjapur  Road,3,1850.0,3,140.0
5089,Sarjapur  Road,2,1113.0,2,44.5
5090,Sarjapur  Road,4,2425.0,5,175.0
5091,Sarjapur  Road,2,1323.0,2,74.0
5092,Sarjapur  Road,3,2289.0,3,178.0
5093,Sarjapur  Road,3,1505.0,2,60.0
5094,Sarjapur  Road,3,1314.0,2,70.44
5095,Sarjapur  Road,3,2100.0,3,130.0
5096,Sarjapur  Road,1,702.0,1,35.8
5097,Sarjapur  Road,2,1115.0,2,50.0
5098,Sarjapur  Road,3,1800.0,3,128.0
5099,Sarjapur  Road,3,1270.0,2,54.0
5100,Sarjapur  Road,2,1026.0,2,60.8
5101,Sarjapur  Road,2,1025.0,2,45.5
5102,Sarjapur  Road,2,1216.0,2,70.0
5103,Sarjapur  Road,2,1112.0,2,62.0
5104,Sarjapur  Road,2,1273.0,2,60.0
5105,Sarjapur  Road,2,1000.0,2,40.0
5106,Sarjapur  Road,2,1026.0,2,60.8
5107,Sarjapur  Road,2,1150.0,2,48.5
5108,Sarjapur  Road,3,1600.0,3,120.0
5109,Sarjapur  Road,2,1370.0,2,70.0
5110,Sarjapur  Road,2,1346.0,2,74.03
5111,Sarjapur  Road,1,475.0,1,26.0
5112,Sarjapur  Road,2,1197.0,2,56.86
5113,Sarjapur  Road,4,3040.0,4,135.0
5114,Sarjapur  Road,3,1660.0,2,116.0
5115,Sarjapur  Road,2,1194.0,2,57.0
5116,Sarjapur  Road,2,984.0,2,45.75
5117,Sarjapur  Road,2,1346.0,2,69.61
5118,Sarjapur  Road,3,2089.0,3,148.0
5119,Sarjapur  Road,3,1612.0,3,98.38
5120,Sarjapur  Road,2,1290.0,2,88.0
5121,Sarjapur  Road,2,1371.0,2,86.0
5122,Sarjapur  Road,3,2140.0,3,139.0
5123,Sarjapur  Road,2,1044.0,2,55.0
5124,Sarjapur  Road,3,1600.0,3,85.0
5125,Sarjapur  Road,3,1691.0,3,119.0
5126,Sarjapur  Road,3,2206.0,4,180.0
5127,Sarjapur  Road,2,1309.0,2,69.5
5128,Sarjapur  Road,3,1691.0,3,100.0
5129,Sarjapur  Road,2,1367.0,2,80.0
5130,Sarjapur  Road,3,1565.0,3,78.0
5131,Sarjapur  Road,4,4395.0,4,242.0
5132,Sarjapur  Road,3,1984.0,4,148.0
5133,Sarjapur  Road,2,1035.0,2,47.0
5134,Sarjapur  Road,2,1346.0,2,74.03
5135,Sarjapur  Road,2,1115.0,2,50.0
5136,Sarjapur  Road,2,1112.0,2,58.0
5137,Sarjapur  Road,2,1340.0,2,75.0
5138,Sarjapur  Road,3,3500.0,3,275.0
5139,Sarjapur  Road,3,1850.0,3,89.0
5140,Sarjapur  Road,2,1132.0,2,70.0
5141,Sarjapur  Road,3,1380.0,2,55.0
5142,Sarjapur  Road,4,2425.0,5,195.0
5143,Seegehalli,2,901.0,2,35.14
5144,Seegehalli,2,800.0,1,50.0
5145,Seegehalli,3,1525.0,3,65.0
5146,Seegehalli,2,1118.0,2,37.5
5147,Seegehalli,3,1200.0,2,62.0
5148,Seegehalli,2,1155.0,2,72.0
5149,Seegehalli,3,1830.0,4,82.0
5150,Seegehalli,3,4000.0,3,235.0
5151,Seegehalli,4,3000.0,5,150.0
5152,Seegehalli,4,2800.0,4,140.0
5153,Seegehalli,2,1096.0,2,41.0
5154,Seegehalli,3,1420.0,2,46.0
5155,Seegehalli,2,920.0,2,27.0
5156,Seegehalli,3,1553.0,3,68.0
5157,Seegehalli,3,1639.0,3,120.0
5158,Seegehalli,3,3000.0,4,235.0
5159,Seegehalli,2,1134.0,2,45.0
5160,Seegehalli,3,1683.0,3,80.0
5161,Seegehalli,2,1176.0,2,50.0
5162,Seegehalli,3,3000.0,4,240.0
5163,Singasandra,3,1440.0,2,65.0
5164,Singasandra,2,1030.0,2,55.0
5165,Singasandra,4,3850.0,6,195.0
5166,Singasandra,2,1100.0,2,52.0
5167,Singasandra,3,1306.0,2,58.0
5168,Singasandra,4,3366.0,4,120.0
5169,Singasandra,2,1300.0,2,65.0
5170,Singasandra,4,3126.0,4,120.0
5171,Singasandra,3,1464.0,3,56.0
5172,Singasandra,2,1010.0,2,40.0
5173,Singasandra,2,1375.0,2,58.0
5174,Singasandra,2,1120.0,2,60.0
5175,Singasandra,3,1510.0,3,75.0
5176,Singasandra,2,1179.0,2,56.0
5177,Singasandra,2,1416.0,2,67.0
5178,Singasandra,3,1476.0,2,73.0
5179,Singasandra,2,1139.7,2,45.0
5180,Singasandra,2,1465.0,2,60.0
5181,Singasandra,3,1464.0,3,56.0
5182,Singasandra,3,1653.0,3,85.0
5183,Somasundara Palya,2,1255.0,2,67.0
5184,Somasundara Palya,2,1448.0,2,68.0
5185,Somasundara Palya,3,1570.0,3,68.0
5186,Somasundara Palya,2,1178.0,2,73.0
5187,Somasundara Palya,2,1260.0,2,60.0
5188,Somasundara Palya,2,1033.0,2,48.0
5189,Somasundara Palya,2,1329.0,2,70.0
5190,Somasundara Palya,3,2372.0,3,140.0
5191,Somasundara Palya,2,1185.0,2,70.0
5192,Somasundara Palya,3,1575.0,3,68.0
5193,Somasundara Palya,3,1600.0,3,68.0
5194,Somasundara Palya,2,1200.0,2,75.0
5195,Somasundara Palya,3,1600.0,3,69.0
5196,Somasundara Palya,4,2400.0,3,140.0
5197,Somasundara Palya,3,1275.0,2,52.0
5198,Somasundara Palya,3,1650.0,3,95.0
5199,Somasundara Palya,2,1186.0,2,72.0
5200,Somasundara Palya,3,1600.0,3,69.0
5201,Sonnenahalli,3,1415.0,2,55.0
5202,Sonnenahalli,2,896.0,2,43.75
5203,Sonnenahalli,2,1120.0,2,43.0
5204,Sonnenahalli,2,1100.0,2,44.0
5205,Sonnenahalli,2,1011.0,2,50.53
5206,Sonnenahalli,1,614.5,1,30.715
5207,Sonnenahalli,3,1484.0,3,74.18
5208,Sonnenahalli,3,1610.0,3,80.48
5209,Sonnenahalli,3,1415.0,2,65.0
5210,Sonnenahalli,2,1268.0,2,58.0
5211,Sonnenahalli,2,1268.0,2,56.0
5212,Sonnenahalli,1,605.0,1,30.24
5213,Sonnenahalli,3,1484.0,3,75.0
5214,Subramanyapura,2,929.0,2,50.17
5215,Subramanyapura,2,1200.0,2,52.0
5216,Subramanyapura,2,975.0,2,58.0
5217,Subramanyapura,2,1277.0,2,55.0
5218,Subramanyapura,2,985.0,2,58.0
5219,Subramanyapura,3,1245.0,2,68.0
5220,Subramanyapura,2,1313.0,2,73.0
5221,Subramanyapura,2,1313.0,2,66.5
5222,Subramanyapura,3,1255.0,2,79.0
5223,Subramanyapura,3,1330.0,3,72.0
5224,Subramanyapura,2,929.0,2,48.0
5225,Subramanyapura,2,950.0,2,55.0
5226,Subramanyapura,2,929.0,2,56.0
5227,Subramanyapura,3,1800.0,3,90.0
5228,Subramanyapura,3,1260.0,2,76.0
5229,Subramanyapura,3,1278.0,2,59.0
5230,Subramanyapura,2,960.0,2,55.0
5231,Subramanyapura,3,1260.0,2,73.0
5232,Subramanyapura,3,1278.0,3,62.71
5233,Subramanyapura,3,1278.0,3,70.0
5234,Subramanyapura,2,929.0,2,49.0
5235,Subramanyapura,3,1260.0,2,75.0
5236,Subramanyapura,2,1000.0,2,45.0
5237,Subramanyapura,3,1260.0,2,80.0
5238,Subramanyapura,3,2495.0,3,130.0
5239,Subramanyapura,2,929.0,1,51.0
5240,Subramanyapura,3,1880.0,3,110.0
5241,Subramanyapura,3,1800.0,3,80.0
5242,Subramanyapura,2,985.0,2,62.5
5243,TC Palaya,3,1475.0,3,98.0
5244,TC Palaya,2,1200.0,2,60.0
5245,TC Palaya,3,1200.0,2,66.0
5246,TC Palaya,3,1600.0,2,65.0
5247,TC Palaya,3,1200.0,3,66.0
5248,TC Palaya,3,1350.0,2,75.0
5249,TC Palaya,2,1240.0,2,60.0
5250,TC Palaya,3,1500.0,2,100.0
5251,TC Palaya,2,1200.0,2,65.0
5252,TC Palaya,2,1200.0,2,70.0
5253,TC Palaya,2,900.0,2,55.0
5254,TC Palaya,3,1200.0,2,66.0
5255,TC Palaya,3,1200.0,2,66.5
5256,TC Palaya,4,4800.0,3,302.0
5257,TC Palaya,2,1000.0,2,64.0
5258,TC Palaya,2,900.0,2,55.0
5259,TC Palaya,2,1200.0,2,66.0
5260,TC Palaya,3,1200.0,2,66.0
5261,TC Palaya,3,1200.0,2,66.5
5262,TC Palaya,2,900.0,2,55.0
5263,TC Palaya,3,1200.0,2,66.0
5264,TC Palaya,2,900.0,2,55.0
5265,TC Palaya,3,1500.0,3,83.0
5266,TC Palaya,3,1350.0,3,60.0
5267,TC Palaya,2,1200.0,2,65.0
5268,TC Palaya,2,1500.0,2,75.0
5269,TC Palaya,3,1200.0,2,66.0
5270,TC Palaya,2,1000.0,2,70.0
5271,TC Palaya,2,1100.0,2,65.0
5272,TC Palaya,3,1200.0,3,66.0
5273,TC Palaya,3,1200.0,2,66.0
5274,TC Palaya,3,1200.0,2,66.0
5275,TC Palaya,2,1800.0,2,80.0
5276,TC Palaya,3,1200.0,2,66.0
5277,TC Palaya,2,1200.0,2,70.0
5278,TC Palaya,1,1350.0,1,55.0
5279,TC Palaya,2,900.0,2,55.0
5280,TC Palaya,2,900.0,2,55.0
5281,TC Palaya,2,1082.0,2,64.0
5282,TC Palaya,3,1995.0,3,100.0
5283,TC Palaya,3,1200.0,2,66.0
5284,TC Palaya,3,1200.0,2,66.0
5285,TC Palaya,2,1152.0,2,55.0
5286,TC Palaya,3,1200.0,2,66.0
5287,TC Palaya,3,1200.0,2,66.0
5288,TC Palaya,3,1200.0,2,66.0
5289,Talaghattapura,3,1868.0,3,131.0
5290,Talaghattapura,3,2038.5,3,120.0
5291,Talaghattapura,3,2106.0,3,126.0
5292,Talaghattapura,3,1868.0,3,121.0
5293,Talaghattapura,3,2106.0,3,126.0
5294,Talaghattapura,3,1868.0,3,135.0
5295,Talaghattapura,3,1856.0,3,135.0
5296,Talaghattapura,3,1868.0,3,120.0
5297,Talaghattapura,3,1804.0,3,115.0
5298,Talaghattapura,3,1856.0,3,135.0
5299,Talaghattapura,3,2254.0,3,153.0
5300,Talaghattapura,3,2106.0,3,148.0
5301,Talaghattapura,3,1856.0,3,135.0
5302,Talaghattapura,3,2273.0,3,159.0
5303,Talaghattapura,3,2099.0,3,147.0
5304,Talaghattapura,2,1100.0,2,50.0
5305,Talaghattapura,2,1100.0,2,49.49
5306,Talaghattapura,3,1575.0,3,80.0
5307,Talaghattapura,3,2273.0,3,145.0
5308,Talaghattapura,2,1175.0,2,62.0
5309,Talaghattapura,3,1804.0,3,127.0
5310,Talaghattapura,2,1062.0,2,42.48
5311,Talaghattapura,3,2038.5,3,122.0
5312,Talaghattapura,3,1800.0,3,84.0
5313,Talaghattapura,3,2265.0,3,159.0
5314,Talaghattapura,3,2099.0,3,134.0
5315,Thanisandra,2,1296.0,2,80.0
5316,Thanisandra,3,1436.0,3,74.75
5317,Thanisandra,3,2050.0,3,145.0
5318,Thanisandra,3,2144.0,3,145.0
5319,Thanisandra,4,3000.0,4,120.0
5320,Thanisandra,2,1075.0,2,45.8
5321,Thanisandra,2,1296.0,2,83.0
5322,Thanisandra,3,1825.0,3,100.0
5323,Thanisandra,3,2144.0,3,135.0
5324,Thanisandra,3,1240.0,2,62.0
5325,Thanisandra,2,1093.0,2,70.0
5326,Thanisandra,3,1265.0,2,79.0
5327,Thanisandra,3,1651.0,3,97.38
5328,Thanisandra,2,1265.0,2,85.0
5329,Thanisandra,1,776.5,2,48.145
5330,Thanisandra,3,1564.0,3,101.0
5331,Thanisandra,2,1183.0,2,58.56
5332,Thanisandra,3,1847.0,3,123.0
5333,Thanisandra,3,1800.0,3,90.0
5334,Thanisandra,3,1697.0,3,114.0
5335,Thanisandra,2,1050.0,2,45.0
5336,Thanisandra,6,3500.0,5,160.0
5337,Thanisandra,3,1573.0,3,95.0
5338,Thanisandra,3,1917.0,3,122.0
5339,Thanisandra,1,693.0,1,34.3
5340,Thanisandra,2,1098.0,2,68.0
5341,Thanisandra,1,760.0,1,50.3
5342,Thanisandra,2,1111.0,2,50.0
5343,Thanisandra,2,1185.5,2,58.68
5344,Thanisandra,3,2002.0,3,112.0
5345,Thanisandra,3,1634.0,3,78.0
5346,Thanisandra,3,2000.0,3,99.0
5347,Thanisandra,2,1050.0,2,46.0
5348,Thanisandra,3,1588.0,3,75.55
5349,Thanisandra,3,1697.0,3,115.0
5350,Thanisandra,1,1380.0,1,62.1
5351,Thanisandra,1,923.0,1,60.84
5352,Thanisandra,3,1743.0,3,93.25
5353,Thanisandra,1,923.0,1,45.69
5354,Thanisandra,2,1183.0,2,59.74
5355,Thanisandra,4,3216.0,4,226.0
5356,Thanisandra,2,1296.0,2,72.0
5357,Thanisandra,2,1020.0,2,44.5
5358,Thanisandra,3,1874.0,4,130.0
5359,Thanisandra,3,1698.0,3,102.0
5360,Thanisandra,3,1411.0,3,93.04
5361,Thanisandra,3,1996.0,3,135.0
5362,Thanisandra,3,1801.0,3,115.0
5363,Thanisandra,2,1265.0,2,82.0
5364,Thanisandra,2,1100.0,2,48.0
5365,Thanisandra,3,1917.0,4,113.0
5366,Thanisandra,1,662.0,1,42.0
5367,Thanisandra,4,2100.0,4,95.0
5368,Thanisandra,3,1948.0,3,130.0
5369,Thanisandra,3,1922.0,3,106.0
5370,Thanisandra,2,965.0,2,67.0
5371,Thanisandra,2,1098.0,2,74.0
5372,Thanisandra,2,1437.0,2,71.13
5373,Thanisandra,3,1564.0,3,104.0
5374,Thanisandra,3,1241.0,2,61.0
5375,Thanisandra,3,1200.0,2,65.0
5376,Thanisandra,3,1732.0,3,85.73
5377,Thanisandra,3,1917.0,4,100.0
5378,Thanisandra,2,1250.0,1,54.0
5379,Thanisandra,3,2127.0,3,135.0
5380,Thanisandra,3,2336.5,3,115.89
5381,Thanisandra,2,1276.0,2,75.0
5382,Thanisandra,1,693.0,1,34.3
5383,Thanisandra,4,2259.0,5,135.0
5384,Thanisandra,2,1265.0,2,78.0
5385,Thanisandra,3,1732.0,3,85.73
5386,Thanisandra,2,934.0,2,55.0
5387,Thanisandra,2,1056.0,2,68.0
5388,Thanisandra,3,1595.0,3,110.0
5389,Thanisandra,3,1411.0,3,93.15
5390,Thanisandra,2,1093.0,2,68.1
5391,Thanisandra,3,1370.0,2,61.0
5392,Thanisandra,2,1093.0,2,72.0
5393,Thanisandra,2,1200.0,2,53.5
5394,Thanisandra,3,1698.0,3,107.0
5395,Thanisandra,3,1564.0,3,105.0
5396,Thanisandra,2,1265.0,2,83.0
5397,Thanisandra,1,784.0,1,35.285
5398,Thanisandra,2,965.0,2,56.0
5399,Thanisandra,3,1546.0,3,95.0
5400,Thanisandra,1,777.0,1,38.535
5401,Thanisandra,3,1697.0,3,110.0
5402,Thanisandra,3,1492.0,3,88.0
5403,Thanisandra,3,2072.0,3,122.0
5404,Thanisandra,3,1880.0,3,120.0
5405,Thanisandra,1,760.0,1,50.0
5406,Thanisandra,2,1200.0,2,60.0
5407,Thanisandra,3,1800.0,4,125.0
5408,Thanisandra,1,933.0,2,58.0
5409,Thanisandra,3,1917.0,3,110.0
5410,Thanisandra,3,1996.0,4,123.0
5411,Thanisandra,2,1183.0,2,77.25
5412,Thanisandra,3,1491.0,3,88.0
5413,Thanisandra,3,1881.0,3,95.0
5414,Thanisandra,1,662.0,1,29.0
5415,Thanisandra,2,1183.0,2,58.56
5416,Thanisandra,3,1564.0,3,100.0
5417,Thanisandra,1,663.0,1,46.1
5418,Thanisandra,1,662.0,1,45.0
5419,Thanisandra,3,1573.0,3,98.0
5420,Thanisandra,3,1262.0,2,83.0
5421,Thanisandra,2,1056.0,2,65.0
5422,Thanisandra,2,1131.0,2,55.975
5423,Thanisandra,3,1702.0,3,115.0
5424,Thanisandra,2,1343.0,2,75.0
5425,Thanisandra,3,1935.0,4,122.0
5426,Thanisandra,2,933.0,2,55.0
5427,Thanisandra,2,1183.0,2,77.3
5428,Thanisandra,1,662.0,1,38.0
5429,Thanisandra,2,1265.0,2,72.0
5430,Thanisandra,3,1595.0,3,105.0
5431,Thanisandra,3,1241.0,2,65.0
5432,Thanisandra,1,580.0,1,27.5
5433,Thanisandra,3,2087.0,4,139.0
5434,Thanisandra,2,1340.0,2,66.33
5435,Thanisandra,2,1098.0,2,71.0
5436,Thanisandra,3,1411.0,3,93.25
5437,Thanisandra,3,1262.0,2,65.0
5438,Thanisandra,2,1234.0,2,51.0
5439,Thanisandra,3,1732.0,3,112.0
5440,Thanisandra,2,933.0,2,66.0
5441,Thanisandra,1,933.0,1,61.0
5442,Thanisandra,3,1702.0,3,107.0
5443,Thanisandra,1,747.0,1,34.355
5444,Thanisandra,3,2030.0,4,125.0
5445,Thanisandra,2,1140.0,2,59.0
5446,Thanisandra,1,663.0,1,46.0
5447,Thanisandra,3,1702.0,3,120.0
5448,Thanisandra,4,1948.0,4,129.0
5449,Thanisandra,3,1573.0,3,90.0
5450,Thanisandra,2,1056.0,2,70.0
5451,Thanisandra,3,1595.0,3,96.0
5452,Thanisandra,3,1732.0,3,85.73
5453,Thanisandra,2,1226.0,2,65.0
5454,Thanisandra,2,1245.0,2,83.05
5455,Thanisandra,4,2695.0,4,188.0
5456,Thanisandra,3,1261.0,2,80.0
5457,Thanisandra,3,1884.0,4,117.0
5458,Thanisandra,2,965.0,2,54.0
5459,Thanisandra,3,1930.0,4,122.0
5460,Thanisandra,1,777.0,1,38.46
5461,Thanisandra,3,1241.0,2,68.0
5462,Thanisandra,3,1930.0,4,120.0
5463,Thanisandra,1,760.0,1,50.4
5464,Thanisandra,1,663.0,1,32.82
5465,Thanisandra,3,1801.0,3,115.0
5467,Thanisandra,4,3671.0,4,220.0
5468,Thanisandra,2,1110.0,2,46.5
5469,Thanisandra,2,1305.0,2,90.0
5470,Thanisandra,3,1965.0,4,125.0
5471,Thanisandra,3,1573.0,3,100.0
5472,Thanisandra,3,1533.0,3,75.885
5473,Thanisandra,4,2259.0,3,112.0
5474,Thanisandra,4,1917.0,4,130.0
5475,Thanisandra,2,1226.0,2,65.59
5476,Thigalarapalya,4,3122.0,6,230.0
5477,Thigalarapalya,3,2072.0,4,142.0
5478,Thigalarapalya,2,1297.0,2,103.0
5479,Thigalarapalya,2,1418.0,2,95.0
5480,Thigalarapalya,4,3122.0,6,235.0
5481,Thigalarapalya,4,3122.0,6,245.0
5482,Thigalarapalya,3,2072.0,4,150.0
5483,Thigalarapalya,2,1418.0,2,103.0
5484,Thigalarapalya,2,1418.0,2,101.0
5485,Thigalarapalya,2,1418.0,2,104.0
5486,Thigalarapalya,3,2072.0,4,139.0
5487,Thigalarapalya,4,3122.0,5,225.0
5488,Thigalarapalya,4,2912.0,6,210.0
5489,Thigalarapalya,2,1418.0,2,103.0
5490,Thigalarapalya,3,2072.0,4,159.0
5491,Thigalarapalya,3,2072.0,4,147.0
5492,Thigalarapalya,2,1418.0,2,106.0
5493,Thigalarapalya,3,2215.0,4,156.0
5494,Thigalarapalya,2,1418.0,2,104.0
5495,Thigalarapalya,4,3122.0,6,237.0
5496,Thigalarapalya,2,1418.0,2,105.0
5497,Thigalarapalya,2,1418.0,2,104.0
5498,Thigalarapalya,3,2072.0,4,139.0
5499,Thigalarapalya,3,2215.0,4,160.0
5500,Thigalarapalya,2,1418.0,2,106.0
5501,Thigalarapalya,3,2072.0,4,155.0
5502,Thigalarapalya,3,1830.0,4,135.0
5503,Thigalarapalya,2,1418.0,2,105.0
5504,Thigalarapalya,3,2072.0,4,160.0
5505,Thigalarapalya,3,2215.0,4,150.0
5506,Thigalarapalya,3,2215.0,4,154.0
5507,Thigalarapalya,3,2072.0,4,152.0
5508,Thigalarapalya,3,2072.0,4,160.0
5509,Thigalarapalya,3,2072.0,4,155.0
5510,Thigalarapalya,4,3122.0,6,235.0
5511,Thigalarapalya,3,2072.0,4,153.0
5512,Thigalarapalya,3,2215.0,4,150.0
5513,Thigalarapalya,3,2072.0,4,157.0
5514,Thigalarapalya,2,1418.0,2,105.0
5515,Thigalarapalya,4,3362.0,5,249.0
5516,Thigalarapalya,4,3122.0,6,245.0
5517,Thigalarapalya,3,1830.0,3,133.0
5518,Thigalarapalya,3,2215.0,4,154.0
5519,Thigalarapalya,4,4190.0,4,325.0
5520,Thigalarapalya,3,2215.0,4,157.0
5521,Thigalarapalya,3,2072.0,4,151.0
5522,Thigalarapalya,4,4303.0,5,300.0
5523,Thigalarapalya,2,1400.0,2,105.0
5524,Thigalarapalya,3,2215.0,4,162.0
5525,Thigalarapalya,2,1297.0,2,98.0
5526,Thigalarapalya,3,2215.0,4,152.0
5527,Thubarahalli,4,3800.0,4,239.0
5528,Thubarahalli,2,1200.0,2,78.0
5529,Thubarahalli,2,1128.0,2,75.0
5530,Thubarahalli,2,1185.0,2,65.0
5531,Thubarahalli,2,975.0,2,55.0
5532,Thubarahalli,2,1330.0,2,75.0
5533,Thubarahalli,2,1085.0,2,70.0
5534,Thubarahalli,2,1216.0,2,80.0
5535,Thubarahalli,2,1200.0,2,79.0
5536,Thubarahalli,2,1200.0,2,80.0
5537,Thubarahalli,2,1200.0,2,79.55
5538,Thubarahalli,3,1540.0,3,90.0
5539,Thubarahalli,3,2625.0,3,175.0
5540,Thubarahalli,2,975.0,2,50.0
5541,Thubarahalli,3,1540.0,3,90.0
5542,Thubarahalli,3,1584.0,3,101.0
5543,Tumkur Road,3,1500.0,3,95.0
5544,Tumkur Road,3,1779.0,3,112.0
5545,Tumkur Road,3,1586.0,3,100.0
5546,Tumkur Road,2,1098.0,2,72.0
5547,Tumkur Road,3,1354.0,3,90.0
5548,Tumkur Road,3,1240.0,2,84.0
5549,Tumkur Road,2,1239.0,2,82.0
5550,Tumkur Road,2,1246.0,2,82.0
5551,Tumkur Road,3,1500.0,3,100.0
5552,Tumkur Road,3,1789.0,3,98.0
5553,Tumkur Road,3,1416.0,3,94.0
5554,Tumkur Road,2,1027.0,2,60.0
5555,Tumkur Road,2,1027.0,2,68.62
5556,Tumkur Road,3,1459.0,2,95.0
5557,Tumkur Road,2,992.0,2,60.0
5558,Tumkur Road,2,1066.0,2,52.5
5559,Tumkur Road,3,1240.0,2,79.0
5560,Tumkur Road,3,1441.0,2,95.0
5561,Tumkur Road,3,1240.0,2,83.0
5562,Tumkur Road,2,1027.0,2,67.0
5563,Tumkur Road,2,992.0,2,70.0
5564,Tumkur Road,3,1354.0,3,85.86
5565,Ulsoor,3,2135.0,3,215.0
5566,Ulsoor,2,1275.0,2,120.0
5567,Ulsoor,2,1200.0,2,60.0
5568,Ulsoor,2,1180.0,2,100.0
5569,Ulsoor,3,1340.0,3,90.0
5570,Ulsoor,3,1500.0,2,125.0
5571,Ulsoor,3,2000.0,3,185.0
5572,Ulsoor,2,1255.0,2,120.0
5573,Ulsoor,3,1685.0,4,185.0
5574,Ulsoor,4,2500.0,4,170.0
5575,Ulsoor,3,2135.0,3,170.0
5576,Ulsoor,2,1160.0,2,130.0
5577,Uttarahalli,3,1440.0,2,62.0
5578,Uttarahalli,2,1143.0,2,45.0
5579,Uttarahalli,2,1020.0,2,45.0
5580,Uttarahalli,2,1286.0,2,63.0
5581,Uttarahalli,2,1101.0,2,45.0
5582,Uttarahalli,2,1345.0,2,67.0
5583,Uttarahalli,2,1175.0,2,47.0
5584,Uttarahalli,3,1390.0,2,62.55
5585,Uttarahalli,3,1330.0,2,56.0
5586,Uttarahalli,2,1008.0,2,45.0
5587,Uttarahalli,3,1390.0,2,60.47
5588,Uttarahalli,3,1617.0,3,66.68
5589,Uttarahalli,2,1150.0,2,49.0
5590,Uttarahalli,3,1330.0,2,56.0
5591,Uttarahalli,2,1200.0,2,44.0
5592,Uttarahalli,3,1385.0,2,48.48
5593,Uttarahalli,3,1330.0,2,46.55
5594,Uttarahalli,2,882.0,2,30.0
5595,Uttarahalli,2,993.0,2,39.71
5596,Uttarahalli,2,1045.0,2,45.0
5597,Uttarahalli,2,850.0,2,37.93
5598,Uttarahalli,3,1330.0,2,47.0
5599,Uttarahalli,3,1345.0,2,57.0
5600,Uttarahalli,2,1089.0,2,43.55
5601,Uttarahalli,3,1330.0,2,46.55
5602,Uttarahalli,2,1279.0,2,48.0
5603,Uttarahalli,3,1845.0,2,68.27
5604,Uttarahalli,3,1425.0,2,64.0
5605,Uttarahalli,2,1155.0,2,40.42
5606,Uttarahalli,2,1050.0,2,42.0
5607,Uttarahalli,3,1300.0,2,55.0
5608,Uttarahalli,3,1250.0,2,55.0
5609,Uttarahalli,3,1200.0,3,50.0
5610,Uttarahalli,2,1085.0,2,43.0
5611,Uttarahalli,3,1350.0,2,53.0
5612,Uttarahalli,2,1175.0,2,47.0
5613,Uttarahalli,2,1175.0,2,47.0
5614,Uttarahalli,3,1215.0,2,52.85
5615,Uttarahalli,3,1312.5,3,51.19
5616,Uttarahalli,2,1325.0,2,53.0
5617,Uttarahalli,3,1300.0,2,60.0
5618,Uttarahalli,2,850.0,2,35.0
5619,Uttarahalli,3,1490.0,2,59.6
5620,Uttarahalli,3,1360.0,2,61.2
5621,Uttarahalli,2,1134.0,2,45.36
5622,Uttarahalli,3,1350.0,2,47.24
5623,Uttarahalli,3,1320.0,2,55.44
5624,Uttarahalli,3,1390.0,2,61.16
5625,Uttarahalli,2,1090.0,2,45.0
5626,Uttarahalli,2,1050.0,2,42.0
5627,Uttarahalli,2,1123.0,2,48.0
5628,Uttarahalli,3,1329.0,2,56.0
5629,Uttarahalli,2,938.0,2,35.0
5630,Uttarahalli,3,1345.0,2,47.0
5631,Uttarahalli,3,1285.0,2,44.98
5632,Uttarahalli,2,1100.0,1,45.0
5633,Uttarahalli,2,1125.0,2,47.0
5634,Uttarahalli,3,1300.0,2,47.0
5635,Uttarahalli,3,1390.0,2,62.55
5636,Uttarahalli,3,1490.0,2,59.6
5637,Uttarahalli,2,1180.0,2,41.3
5638,Uttarahalli,3,1385.0,2,48.48
5639,Uttarahalli,2,1160.0,2,45.0
5640,Uttarahalli,3,1280.0,2,60.0
5641,Uttarahalli,3,1480.0,2,58.0
5642,Uttarahalli,2,1190.0,2,53.55
5643,Uttarahalli,3,1330.0,2,57.0
5644,Uttarahalli,3,1560.0,3,74.0
5645,Uttarahalli,3,1250.0,2,50.0
5646,Uttarahalli,2,1125.0,2,48.0
5647,Uttarahalli,3,1320.0,2,55.44
5648,Uttarahalli,3,1255.0,2,50.19
5649,Uttarahalli,2,1160.0,2,40.6
5650,Uttarahalli,3,1255.0,2,50.19
5651,Uttarahalli,2,1065.0,2,42.59
5652,Uttarahalli,2,1075.0,2,46.76
5653,Uttarahalli,2,1155.0,2,40.6
5654,Uttarahalli,3,1360.0,2,47.59
5655,Uttarahalli,3,1215.0,2,52.85
5656,Uttarahalli,3,1590.0,3,58.0
5657,Uttarahalli,2,1180.0,2,41.3
5658,Uttarahalli,3,1350.0,2,47.24
5659,Uttarahalli,3,1250.0,2,50.0
5660,Uttarahalli,2,1002.0,2,40.08
5661,Uttarahalli,2,1002.0,2,40.08
5662,Uttarahalli,2,1075.0,2,40.0
5663,Uttarahalli,3,1580.0,3,60.0
5664,Uttarahalli,2,1155.0,2,40.43
5665,Uttarahalli,2,1025.0,2,35.88
5666,Uttarahalli,2,1125.0,2,47.65
5667,Uttarahalli,2,1300.0,2,55.0
5668,Uttarahalli,2,1025.0,2,35.88
5669,Uttarahalli,2,980.0,2,45.0
5670,Uttarahalli,2,1125.0,2,47.0
5671,Uttarahalli,3,1350.0,2,47.24
5672,Uttarahalli,3,1250.0,2,50.0
5673,Uttarahalli,3,1250.0,2,50.0
5674,Uttarahalli,2,1175.0,2,47.0
5675,Uttarahalli,3,1360.0,2,47.59
5676,Uttarahalli,3,1360.0,2,47.59
5677,Uttarahalli,3,1525.0,2,62.82
5678,Uttarahalli,3,1590.0,3,57.0
5679,Uttarahalli,3,1330.0,2,46.55
5680,Uttarahalli,2,1213.0,2,48.0
5681,Uttarahalli,3,1475.0,2,59.0
5682,Uttarahalli,2,900.0,2,35.0
5683,Uttarahalli,2,1065.0,2,42.6
5684,Uttarahalli,3,1330.0,2,46.55
5685,Uttarahalli,3,1250.0,2,50.0
5686,Uttarahalli,2,1125.0,2,47.0
5687,Uttarahalli,3,1270.0,2,55.25
5688,Uttarahalli,3,1270.0,2,55.25
5689,Uttarahalli,2,1107.0,2,45.0
5690,Uttarahalli,2,1200.0,2,55.0
5691,Uttarahalli,3,1330.0,2,46.45
5692,Uttarahalli,3,1500.0,3,68.0
5693,Uttarahalli,2,1120.0,2,50.0
5694,Uttarahalli,2,1150.0,2,46.0
5695,Uttarahalli,3,1330.0,2,58.0
5696,Uttarahalli,3,1590.0,3,57.0
5697,Uttarahalli,2,1050.0,2,42.0
5698,Uttarahalli,2,1125.0,2,48.0
5699,Uttarahalli,3,1345.0,2,57.0
5700,Uttarahalli,3,1345.0,2,57.0
5701,Uttarahalli,3,1490.0,2,59.6
5702,Uttarahalli,2,1037.0,2,36.0
5703,Uttarahalli,3,1245.0,2,43.58
5704,Uttarahalli,2,1000.0,2,39.5
5705,Uttarahalli,2,1125.0,1,45.0
5706,Uttarahalli,3,1308.0,2,53.0
5707,Uttarahalli,2,1160.0,2,40.58
5708,Uttarahalli,3,1590.0,3,57.0
5709,Uttarahalli,2,1000.0,2,35.0
5710,Uttarahalli,3,1330.0,2,57.0
5711,Uttarahalli,2,1125.0,2,47.0
5712,Uttarahalli,2,1165.0,1,42.09
5713,Uttarahalli,2,1260.0,2,55.0
5714,Uttarahalli,2,1284.0,2,53.36
5715,Uttarahalli,2,1150.0,2,45.99
5716,Uttarahalli,3,1385.0,2,48.48
5717,Uttarahalli,3,1290.0,2,56.12
5718,Uttarahalli,3,1328.0,2,56.0
5719,Uttarahalli,2,1040.0,2,36.4
5720,Uttarahalli,3,1290.0,2,56.12
5721,Uttarahalli,3,1590.0,3,57.0
5722,Uttarahalli,2,1075.0,2,46.76
5723,Uttarahalli,3,1345.0,2,57.0
5724,Varthur,2,1160.0,2,44.0
5725,Varthur,2,1385.0,2,80.0
5726,Varthur,3,1535.0,3,65.99
5727,Varthur,2,1024.0,2,42.0
5728,Varthur,2,1125.0,2,40.0
5729,Varthur,2,1112.0,2,40.0
5730,Varthur,2,1055.0,2,45.35
5731,Varthur,2,1280.0,2,65.0
5732,Varthur,2,977.0,2,36.0
5733,Varthur,3,1250.0,3,71.0
5734,Varthur,3,1200.0,3,67.75
5735,Varthur,2,1111.0,2,41.88
5736,Varthur,2,1140.0,2,55.5
5737,Varthur,2,1012.0,2,59.0
5738,Varthur,2,1140.0,2,39.9
5739,Varthur,2,1090.0,2,48.0
5740,Varthur,3,1450.0,3,71.0
5741,Varthur,2,1210.0,2,60.0
5742,Varthur,2,1070.0,2,46.0
5743,Varthur,3,1360.0,2,85.0
5744,Varthur,2,965.0,2,34.0
5745,Varthur,2,1120.0,2,44.24
5746,Varthur,3,1395.0,2,79.0
5747,Varthur,2,1085.0,2,45.0
5748,Varthur,2,1250.0,2,47.0
5749,Varthur,3,1200.0,3,68.38
5750,Varthur,3,1520.0,2,61.0
5751,Varthur,2,1155.0,2,60.0
5752,Varthur,2,1035.0,2,60.0
5753,Varthur,2,1155.0,2,39.0
5754,Varthur,2,1180.0,2,55.0
5755,Varthur,3,1520.0,2,60.0
5756,Varthur,2,1738.0,2,57.35
5757,Varthur,2,1045.0,2,40.65
5758,Varthur,2,1155.0,2,39.0
5759,Varthur,3,1615.0,3,69.43
5760,Varthur,2,1210.0,2,64.15
5761,Varthur,3,1737.0,2,57.32
5762,Varthur,2,1105.0,2,38.0
5763,Varthur,3,1560.0,3,90.0
5764,Varthur,2,1760.0,2,85.0
5765,Varthur,2,1210.0,2,54.0
5766,Varthur,2,1112.0,2,40.0
5767,Varthur,3,1600.0,3,63.2
5768,Varthur,3,1665.0,3,71.58
5769,Vidyaranyapura,2,1440.0,2,95.0
5770,Vidyaranyapura,2,1062.0,2,38.0
5771,Vidyaranyapura,2,1200.0,2,55.0
5772,Vidyaranyapura,3,1485.0,2,67.0
5773,Vidyaranyapura,2,1060.0,2,55.0
5774,Vidyaranyapura,2,1100.0,2,54.0
5775,Vidyaranyapura,3,1440.0,2,70.0
5776,Vidyaranyapura,2,1100.0,2,54.0
5777,Vidyaranyapura,2,1000.0,2,35.0
5778,Vidyaranyapura,3,1560.0,3,68.0
5779,Vidyaranyapura,2,1120.0,2,70.0
5780,Vidyaranyapura,2,945.0,2,40.0
5781,Vidyaranyapura,2,1100.0,2,54.0
5782,Vidyaranyapura,3,1200.0,2,65.0
5783,Vidyaranyapura,2,1200.0,2,52.0
5784,Vidyaranyapura,2,1050.0,2,50.0
5785,Vidyaranyapura,2,1188.0,2,50.0
5786,Vidyaranyapura,4,2400.0,5,135.0
5787,Vidyaranyapura,2,1100.0,2,41.0
5788,Vidyaranyapura,2,1200.0,2,60.5
5789,Vidyaranyapura,2,1200.0,2,42.0
5790,Vijayanagar,3,1704.0,3,110.0
5791,Vijayanagar,3,1933.0,3,129.0
5792,Vijayanagar,3,1500.0,3,75.5
5793,Vijayanagar,3,1450.0,3,100.0
5794,Vijayanagar,3,1580.0,2,134.0
5795,Vijayanagar,3,1826.0,3,121.0
5796,Vijayanagar,3,1739.0,3,116.0
5797,Vijayanagar,3,1490.0,3,100.0
5798,Vijayanagar,2,1180.0,2,65.0
5799,Vijayanagar,1,606.0,1,34.78
5800,Vijayanagar,2,1352.0,2,68.0
5801,Vijayanagar,3,1527.0,3,115.0
5802,Vijayanagar,2,989.0,2,60.0
5803,Vijayanagar,3,1520.0,2,103.0
5804,Vijayanagar,3,1749.0,3,117.0
5805,Vijayanagar,2,1046.0,2,75.0
5806,Vijayanagar,1,606.0,1,40.0
5807,Vijayanagar,2,1200.0,2,62.0
5808,Vijayanagar,3,1300.0,2,75.0
5809,Vijayanagar,3,1484.0,3,79.19
5810,Vijayanagar,3,1760.0,3,140.0
5811,Vijayanagar,3,2047.0,3,136.0
5812,Vijayanagar,3,1200.0,2,75.0
5813,Vijayanagar,2,1178.0,2,82.0
5814,Vijayanagar,2,864.0,2,45.0
5815,Vijayanagar,2,920.0,2,60.0
5816,Vijayanagar,2,1019.0,2,58.0
5817,Vijayanagar,5,2400.0,6,125.0
5818,Vijayanagar,2,1180.0,2,86.0
5819,Vijayanagar,1,492.0,1,40.0
5820,Vijayanagar,3,1375.0,2,75.0
5821,Vittasandra,2,1404.0,2,71.0
5822,Vittasandra,2,1246.0,2,67.0
5823,Vittasandra,2,1404.0,2,69.3
5824,Vittasandra,2,1246.0,2,67.3
5825,Vittasandra,2,1246.0,2,64.5
5826,Vittasandra,2,1246.0,2,64.5
5827,Vittasandra,2,1246.0,2,68.0
5828,Vittasandra,3,1743.0,3,85.0
5829,Vittasandra,2,1238.0,2,67.0
5830,Vittasandra,2,1404.0,2,75.0
5831,Vittasandra,2,1246.0,2,65.0
5832,Vittasandra,2,1238.0,2,67.0
5833,Vittasandra,2,1246.0,2,67.4
5834,Vittasandra,2,1259.0,2,67.4
5835,Vittasandra,2,1404.0,2,68.8
5836,Vittasandra,2,1246.0,2,62.3
5837,Vittasandra,2,1246.0,2,63.0
5838,Vittasandra,2,1246.0,2,67.4
5839,Vittasandra,2,1246.0,2,65.4
5840,Vittasandra,3,1650.0,3,84.0
5841,Vittasandra,2,1238.0,2,67.32
5842,Vittasandra,2,1246.0,2,67.4
5843,Vittasandra,3,1650.0,3,85.0
5844,Vittasandra,2,1246.0,2,67.3
5845,Vittasandra,2,1404.0,2,70.0
5846,Vittasandra,2,1259.0,2,67.48
5847,Vittasandra,2,1404.0,2,75.0
5848,Vittasandra,3,1650.0,3,85.5
5849,Vittasandra,2,1246.0,2,67.0
5850,Vittasandra,3,1650.0,3,85.0
5851,Vittasandra,3,1650.0,3,85.5
5852,Vittasandra,2,1404.0,2,72.0
5853,Vittasandra,2,1246.0,2,67.5
5854,Vittasandra,2,1246.0,2,67.5
5855,Vittasandra,2,1404.0,2,70.0
5856,Vittasandra,2,1246.0,2,65.0
5857,Vittasandra,2,1246.0,2,67.4
5858,Vittasandra,3,1648.0,3,85.0
5859,Whitefield,2,1170.0,2,38.0
5860,Whitefield,3,1800.0,2,70.0
5861,Whitefield,3,1610.0,3,81.0
5862,Whitefield,2,1459.0,2,94.82
5863,Whitefield,3,2010.0,3,91.0
5864,Whitefield,2,1116.0,2,51.91
5865,Whitefield,2,1225.0,2,47.6
5866,Whitefield,2,1075.0,2,53.0
5867,Whitefield,2,1280.0,2,75.0
5868,Whitefield,2,1173.0,2,58.0
5869,Whitefield,3,1910.0,3,161.0
5870,Whitefield,4,3252.0,4,230.0
5871,Whitefield,4,11890.0,4,700.0
5872,Whitefield,2,1130.0,2,42.16
5873,Whitefield,2,1040.0,2,48.5
5874,Whitefield,2,1150.0,2,70.0
5875,Whitefield,3,1768.0,3,101.0
5876,Whitefield,3,1500.0,3,61.95
5877,Whitefield,3,1600.0,3,86.0
5878,Whitefield,4,4144.0,4,315.0
5879,Whitefield,4,4104.0,4,360.0
5880,Whitefield,3,1790.0,3,100.0
5881,Whitefield,3,1720.0,3,100.0
5882,Whitefield,2,1140.0,2,56.0
5883,Whitefield,3,1640.0,4,91.0
5884,Whitefield,2,805.0,2,35.0
5885,Whitefield,2,1155.0,2,59.95
5886,Whitefield,3,2280.0,4,126.0
5887,Whitefield,3,1650.0,3,60.0
5888,Whitefield,2,1447.0,2,83.0
5889,Whitefield,2,1116.0,2,51.91
5890,Whitefield,3,1897.0,3,130.0
5891,Whitefield,3,2225.0,2,125.0
5892,Whitefield,4,4348.5,2,304.0
5893,Whitefield,2,1495.0,2,79.5
5894,Whitefield,2,1113.0,2,62.0
5895,Whitefield,4,2268.0,3,163.0
5896,Whitefield,3,1560.0,2,72.0
5897,Whitefield,2,1200.0,2,45.84
5898,Whitefield,4,2400.0,4,200.0
5899,Whitefield,3,1985.0,3,75.0
5900,Whitefield,2,1360.0,2,95.0
5901,Whitefield,2,1254.0,2,40.0
5902,Whitefield,3,1697.0,3,94.79
5903,Whitefield,4,5000.0,4,400.0
5904,Whitefield,4,3000.0,5,250.0
5905,Whitefield,3,1700.0,3,115.0
5906,Whitefield,2,1140.0,2,41.0
5907,Whitefield,2,1190.0,2,57.0
5908,Whitefield,3,2842.0,3,162.0
5909,Whitefield,3,1403.0,2,60.81
5910,Whitefield,2,1232.0,2,45.0
5911,Whitefield,3,1485.0,3,65.0
5912,Whitefield,3,1500.0,3,130.0
5913,Whitefield,2,1280.0,2,75.0
5914,Whitefield,2,1330.0,2,71.0
5915,Whitefield,3,1405.0,2,78.0
5916,Whitefield,3,2225.0,3,115.0
5917,Whitefield,2,1272.0,2,95.05
5918,Whitefield,2,1205.0,2,39.0
5919,Whitefield,3,1541.0,3,72.0
5920,Whitefield,2,1192.0,2,71.0
5921,Whitefield,2,1277.0,2,61.3
5922,Whitefield,2,1185.0,2,40.0
5923,Whitefield,3,1306.0,3,54.65
5924,Whitefield,3,1626.0,3,89.0
5925,Whitefield,3,1585.0,3,88.0
5926,Whitefield,1,665.0,2,28.585
5927,Whitefield,2,1125.0,2,62.0
5928,Whitefield,2,1280.0,2,85.0
5929,Whitefield,3,1200.0,3,68.5
5930,Whitefield,4,4000.0,4,330.0
5931,Whitefield,3,1697.0,3,108.0
5932,Whitefield,2,1205.0,2,58.0
5933,Whitefield,4,3606.0,4,312.0
5934,Whitefield,2,1485.0,2,90.0
5935,Whitefield,1,950.0,1,50.0
5936,Whitefield,4,3584.0,4,199.0
5937,Whitefield,1,825.0,1,45.0
5938,Whitefield,2,1155.0,2,60.0
5939,Whitefield,3,2010.0,3,92.0
5940,Whitefield,3,1635.0,2,85.0
5941,Whitefield,2,1216.0,2,79.0
5942,Whitefield,3,1200.0,3,56.2
5943,Whitefield,2,1215.0,2,65.0
5944,Whitefield,3,1870.0,3,90.0
5945,Whitefield,2,1260.0,2,49.5
5946,Whitefield,4,2856.0,5,145.5
5947,Whitefield,2,920.0,2,63.0
5948,Whitefield,2,1165.0,2,40.5
5949,Whitefield,2,1170.0,2,71.0
5950,Whitefield,2,1118.0,2,75.0
5951,Whitefield,3,1800.0,3,110.0
5952,Whitefield,3,1562.0,3,103.0
5953,Whitefield,2,1190.0,2,67.0
5954,Whitefield,2,1102.0,2,48.0
5955,Whitefield,3,2321.0,4,128.0
5956,Whitefield,2,1320.0,2,95.0
5957,Whitefield,3,1896.0,3,75.0
5958,Whitefield,3,3010.0,3,200.0
5959,Whitefield,2,1346.0,2,96.17
5960,Whitefield,3,3850.0,5,316.0
5961,Whitefield,3,1410.0,3,43.71
5962,Whitefield,2,1280.0,2,52.0
5963,Whitefield,4,2500.0,4,155.0
5964,Whitefield,1,905.0,1,55.0
5965,Whitefield,2,1200.0,2,46.13
5966,Whitefield,4,2268.0,3,146.0
5967,Whitefield,2,1150.0,2,55.0
5968,Whitefield,3,1500.0,3,71.8
5969,Whitefield,1,630.5,1,32.79
5970,Whitefield,4,3537.0,5,210.0
5971,Whitefield,2,1285.0,2,55.9
5972,Whitefield,3,1697.0,3,115.0
5973,Whitefield,2,1130.0,2,36.0
5974,Whitefield,2,1215.0,2,39.0
5975,Whitefield,2,1495.0,2,79.5
5976,Whitefield,5,3250.0,5,290.0
5977,Whitefield,2,1216.0,2,66.48
5978,Whitefield,3,1350.0,3,54.0
5979,Whitefield,2,1173.0,2,60.0
5980,Whitefield,2,1269.0,2,75.0
5981,Whitefield,5,3227.0,5,250.0
5982,Whitefield,3,1545.0,3,79.0
5983,Whitefield,3,1306.0,3,54.65
5984,Whitefield,2,1000.0,2,35.0
5985,Whitefield,4,3262.0,4,260.0
5986,Whitefield,3,1386.0,3,57.46
5987,Whitefield,2,1132.0,2,79.28
5988,Whitefield,2,1200.0,2,45.84
5989,Whitefield,2,1140.0,2,39.0
5990,Whitefield,4,2830.0,5,160.0
5991,Whitefield,2,1205.0,2,40.0
5992,Whitefield,2,1195.0,2,70.0
5993,Whitefield,3,3480.0,4,284.0
5994,Whitefield,3,1738.0,2,79.0
5995,Whitefield,2,1250.0,2,72.0
5996,Whitefield,1,709.0,1,34.385
5997,Whitefield,2,1340.0,2,77.0
5998,Whitefield,2,1320.0,2,79.5
5999,Whitefield,3,1200.0,3,61.96
6000,Whitefield,2,1180.0,2,41.0
6001,Whitefield,2,1095.0,2,35.0
6002,Whitefield,2,1415.0,2,67.0
6003,Whitefield,2,1105.0,2,41.36
6004,Whitefield,3,2094.0,2,113.19
6005,Whitefield,2,1200.0,2,45.0
6006,Whitefield,4,3445.0,5,270.0
6007,Whitefield,3,1700.0,3,140.0
6008,Whitefield,4,4827.0,4,400.0
6009,Whitefield,2,1405.0,2,84.5
6010,Whitefield,3,1345.0,2,57.0
6011,Whitefield,4,3252.0,4,280.0
6012,Whitefield,2,1200.0,2,45.0
6013,Whitefield,2,1150.0,2,90.0
6014,Whitefield,4,2400.0,4,147.0
6015,Whitefield,3,1440.0,2,64.0
6016,Whitefield,1,624.0,1,35.0
6017,Whitefield,2,1200.0,2,45.0
6018,Whitefield,2,1109.0,2,41.49
6019,Whitefield,3,1700.0,3,95.0
6020,Whitefield,4,4960.0,4,400.0
6021,Whitefield,4,2928.0,4,198.0
6022,Whitefield,2,1215.0,2,62.0
6023,Whitefield,3,2700.0,5,175.0
6024,Whitefield,2,1216.0,2,84.0
6025,Whitefield,4,2882.0,5,204.0
6026,Whitefield,3,1840.0,3,140.0
6027,Whitefield,3,1778.0,3,122.0
6028,Whitefield,2,1400.0,2,80.0
6029,Whitefield,1,650.0,1,25.0
6030,Whitefield,4,2155.0,3,125.0
6031,Whitefield,2,1230.0,2,59.0
6032,Whitefield,2,1205.0,2,40.0
6033,Whitefield,2,1125.0,2,40.0
6034,Whitefield,2,1216.0,2,69.06
6035,Whitefield,2,1216.0,2,75.0
6036,Whitefield,2,1355.0,2,78.0
6037,Whitefield,2,1255.0,2,77.0
6038,Whitefield,2,1216.0,2,73.0
6039,Whitefield,1,709.0,1,34.735
6040,Whitefield,2,1140.0,2,45.0
6041,Whitefield,2,1190.0,2,60.0
6042,Whitefield,2,1312.0,2,55.0
6043,Whitefield,3,1745.0,3,100.0
6044,Whitefield,4,3200.0,4,224.0
6045,Whitefield,2,1096.0,2,39.0
6046,Whitefield,1,825.0,1,44.9
6047,Whitefield,2,1116.0,2,51.91
6048,Whitefield,2,1227.0,2,53.49
6049,Whitefield,2,1235.0,2,47.0
6050,Whitefield,3,1870.0,3,138.0
6051,Whitefield,2,1175.0,2,39.0
6052,Whitefield,2,1180.0,2,41.0
6053,Whitefield,3,1862.0,3,125.0
6054,Whitefield,3,1655.0,3,113.0
6055,Whitefield,1,530.0,1,29.44
6056,Whitefield,2,1085.0,2,57.0
6057,Whitefield,1,905.0,1,50.0
6058,Whitefield,3,1600.0,3,82.0
6059,Whitefield,2,1255.0,2,40.0
6060,Whitefield,1,630.5,1,32.15
6061,Whitefield,1,905.0,1,52.0
6062,Whitefield,3,1200.0,3,57.15
6063,Whitefield,3,1451.0,2,52.43
6064,Whitefield,2,1187.0,2,37.85
6065,Whitefield,2,1216.0,2,83.0
6066,Whitefield,2,1301.0,2,65.0
6067,Whitefield,3,1330.0,2,55.0
6068,Whitefield,2,1155.0,2,55.0
6069,Whitefield,2,1355.0,3,76.0
6070,Whitefield,4,4075.0,5,226.0
6071,Whitefield,2,1216.0,2,75.0
6072,Whitefield,2,1242.0,2,65.0
6073,Whitefield,3,1495.0,2,67.0
6074,Whitefield,3,1548.0,3,65.0
6075,Whitefield,4,2856.0,5,154.5
6076,Whitefield,2,1200.0,2,46.13
6077,Whitefield,2,1200.0,2,46.13
6078,Whitefield,3,1405.0,3,58.0
6079,Whitefield,4,2856.0,5,158.5
6080,Whitefield,2,1355.0,2,73.0
6081,Whitefield,4,2882.0,5,158.0
6082,Whitefield,1,750.0,1,51.0
6083,Whitefield,2,1115.0,2,34.555
6084,Whitefield,2,1105.0,2,39.99
6085,Whitefield,2,1173.0,2,77.0
6086,Whitefield,3,1200.0,3,68.4
6087,Whitefield,2,982.0,2,37.0
6088,Whitefield,2,1118.0,2,42.0
6089,Whitefield,2,1216.0,2,69.0
6090,Whitefield,4,3425.0,5,250.0
6091,Whitefield,2,1100.0,2,37.0
6092,Whitefield,3,1200.0,3,56.0
6093,Whitefield,4,2856.0,5,157.5
6094,Whitefield,3,1550.0,2,49.6
6095,Whitefield,3,2173.0,3,128.0
6096,Whitefield,3,1435.0,3,45.0
6097,Whitefield,1,905.0,1,62.0
6098,Whitefield,3,1870.0,3,138.0
6099,Whitefield,2,1320.0,2,99.26
6100,Whitefield,3,2901.0,4,190.0
6101,Whitefield,2,1485.0,2,96.51
6102,Whitefield,3,1755.0,3,101.0
6103,Whitefield,3,1608.0,2,63.0
6104,Whitefield,3,2225.0,3,149.0
6105,Whitefield,2,1250.0,2,82.0
6106,Whitefield,3,1495.0,2,61.28
6107,Whitefield,1,605.0,1,40.0
6108,Whitefield,2,1185.0,2,41.0
6109,Whitefield,3,1200.0,3,56.58
6110,Whitefield,3,2210.0,3,156.0
6111,Whitefield,2,1173.0,2,78.2
6112,Whitefield,3,1740.0,4,130.0
6113,Whitefield,2,1216.0,2,75.0
6114,Whitefield,2,1060.0,2,35.0
6115,Whitefield,3,1655.0,3,120.0
6116,Whitefield,4,4003.0,6,300.0
6117,Whitefield,2,1125.0,2,45.0
6118,Whitefield,2,1180.0,2,70.0
6119,Whitefield,2,1280.0,2,69.0
6120,Whitefield,3,2023.0,4,130.0
6121,Whitefield,3,2134.0,4,118.0
6122,Whitefield,3,1458.0,2,62.0
6123,Whitefield,3,1808.0,4,80.0
6124,Whitefield,1,905.0,1,60.0
6125,Whitefield,3,1537.0,2,70.0
6126,Whitefield,2,1186.0,2,55.0
6127,Whitefield,3,1806.0,3,85.0
6128,Whitefield,2,1109.0,2,35.22
6129,Whitefield,2,1216.0,2,67.0
6130,Whitefield,3,1452.0,3,90.0
6131,Whitefield,4,2850.0,5,240.0
6132,Whitefield,2,1150.0,2,55.0
6133,Whitefield,3,1600.0,3,69.0
6134,Whitefield,4,2830.0,5,190.0
6135,Whitefield,2,1295.0,2,78.5
6136,Whitefield,1,840.0,1,57.6
6137,Whitefield,1,640.0,1,19.83
6138,Whitefield,3,1991.0,3,104.0
6139,Whitefield,2,1190.0,2,41.0
6140,Whitefield,2,1109.0,2,35.47
6141,Whitefield,4,5200.0,5,242.0
6142,Whitefield,3,1655.0,3,97.0
6143,Whitefield,3,1850.0,3,150.0
6144,Whitefield,3,1200.0,3,67.77
6145,Whitefield,2,1290.0,2,90.0
6146,Whitefield,2,1200.0,2,45.0
6147,Whitefield,2,1140.0,2,40.0
6148,Whitefield,2,1216.0,2,75.0
6149,Whitefield,2,1356.0,2,94.84
6150,Whitefield,2,1338.0,2,103.0
6151,Whitefield,2,1115.0,2,55.0
6152,Whitefield,3,1870.0,3,90.0
6153,Whitefield,3,3450.0,4,208.0
6154,Whitefield,2,1105.0,2,35.36
6155,Whitefield,2,1074.0,2,42.79
6156,Whitefield,2,1100.0,2,52.0
6157,Whitefield,2,1267.0,2,90.33
6158,Whitefield,4,2400.0,4,143.0
6159,Whitefield,3,1836.0,3,125.0
6160,Whitefield,2,1197.0,2,50.0
6161,Whitefield,3,3596.0,3,200.0
6162,Whitefield,3,1275.0,2,65.0
6163,Whitefield,2,1155.0,2,39.0
6164,Whitefield,2,1141.0,2,62.0
6165,Whitefield,2,1216.0,2,82.0
6166,Whitefield,2,1495.0,3,88.0
6167,Whitefield,3,1564.0,3,103.0
6168,Whitefield,3,1585.0,3,84.0
6169,Whitefield,3,1200.0,3,56.0
6170,Whitefield,2,1140.0,2,50.0
6171,Whitefield,3,1558.0,3,90.0
6172,Whitefield,2,1216.0,2,75.0
6173,Whitefield,2,1227.0,2,70.0
6174,Whitefield,3,1704.0,3,120.0
6175,Whitefield,3,1495.0,2,60.55
6176,Whitefield,2,1256.0,2,73.0
6177,Whitefield,2,1195.0,2,62.38
6178,Whitefield,3,1770.0,4,68.0
6179,Whitefield,2,1300.0,2,78.0
6180,Whitefield,3,1570.0,3,88.0
6181,Whitefield,2,1216.0,2,84.03
6182,Whitefield,2,1240.0,2,70.0
6183,Whitefield,2,1216.0,2,72.5
6184,Whitefield,2,1215.0,2,40.0
6185,Whitefield,3,2025.0,4,115.0
6186,Whitefield,3,1346.0,2,100.0
6187,Whitefield,2,1020.0,2,45.0
6188,Whitefield,2,935.0,2,32.72
6189,Whitefield,2,1024.0,2,32.0
6190,Whitefield,4,2990.0,3,198.0
6191,Whitefield,3,1600.0,3,69.1
6192,Whitefield,2,1205.0,2,58.0
6193,Whitefield,3,1720.0,3,98.97
6194,Whitefield,3,1600.0,3,95.0
6195,Whitefield,3,1655.0,3,108.0
6196,Whitefield,3,1740.0,3,95.0
6197,Whitefield,3,1200.0,3,56.72
6198,Whitefield,2,1350.0,2,88.0
6199,Whitefield,2,1030.0,2,44.0
6200,Whitefield,2,1216.0,2,80.0
6201,Whitefield,4,2900.0,4,225.0
6202,Whitefield,2,1340.0,2,101.0
6203,Whitefield,2,1190.0,2,64.0
6204,Whitefield,3,1500.0,3,78.57
6205,Whitefield,3,1626.0,3,85.0
6206,Whitefield,2,1195.0,2,61.36
6207,Whitefield,2,1100.0,2,65.0
6208,Whitefield,2,1100.0,2,46.5
6209,Whitefield,3,1270.0,2,65.0
6210,Whitefield,3,3117.0,3,261.0
6211,Whitefield,2,1216.0,2,73.0
6212,Whitefield,2,1135.0,2,58.0
6213,Whitefield,3,3150.0,3,290.0
6214,Whitefield,2,1185.0,2,56.0
6215,Whitefield,4,2956.0,5,234.0
6216,Whitefield,3,1530.0,3,75.0
6217,Whitefield,2,1015.0,2,45.0
6218,Whitefield,2,1187.0,2,38.0
6219,Whitefield,3,2247.0,3,145.0
6220,Whitefield,4,3940.0,5,265.0
6221,Whitefield,2,1190.0,2,59.0
6222,Whitefield,2,1160.0,2,67.0
6223,Whitefield,2,1216.0,2,66.88
6224,Whitefield,2,1180.0,2,77.0
6225,Whitefield,3,2140.0,3,139.0
6226,Whitefield,2,1314.0,2,84.0
6227,Whitefield,3,1530.0,3,73.0
6228,Whitefield,2,1160.0,2,39.0
6229,Whitefield,2,1012.0,2,58.0
6230,Whitefield,2,1150.0,2,40.21
6231,Whitefield,3,1495.0,2,70.0
6232,Whitefield,2,1340.0,2,41.0
6233,Whitefield,3,1431.0,3,85.0
6234,Whitefield,1,524.0,1,29.0
6235,Whitefield,4,2830.0,4,161.0
6236,Whitefield,4,2135.0,3,149.0
6237,Whitefield,4,2500.0,4,100.0
6238,Whitefield,4,3075.0,2,188.0
6239,Whitefield,3,1760.0,3,160.0
6240,Whitefield,3,1655.0,3,110.0
6241,Whitefield,1,840.0,1,57.0
6242,Whitefield,3,1725.0,3,106.0
6243,Whitefield,2,1130.0,2,36.0
6244,Whitefield,2,1059.0,2,57.0
6245,Whitefield,1,516.0,1,39.0
6246,Whitefield,2,1116.0,2,51.91
6247,Whitefield,4,6000.0,4,410.0
6248,Whitefield,3,1639.0,3,107.0
6249,Whitefield,3,1820.0,3,113.0
6250,Whitefield,3,1990.0,3,98.0
6251,Whitefield,4,3565.0,4,218.0
6252,Whitefield,4,3410.0,5,253.0
6253,Whitefield,3,1345.0,3,58.0
6254,Whitefield,2,1205.0,2,41.0
6255,Whitefield,4,4500.0,4,330.0
6256,Whitefield,2,1250.0,2,85.0
6257,Whitefield,2,1115.0,2,51.91
6258,Whitefield,2,1277.0,2,77.0
6259,Whitefield,3,1820.0,3,140.0
6260,Whitefield,4,3453.0,4,247.0
6261,Whitefield,2,1245.0,2,59.76
6262,Whitefield,3,1322.5,3,40.985
6263,Whitefield,2,1074.0,2,42.8
6264,Whitefield,2,1200.0,2,46.13
6265,Whitefield,2,1200.0,2,45.84
6266,Whitefield,3,2280.0,4,125.0
6267,Whitefield,4,2882.0,5,200.0
6268,Whitefield,2,1170.0,2,56.0
6269,Whitefield,3,1639.5,3,92.63
6270,Whitefield,2,1390.0,2,72.0
6271,Whitefield,3,1634.0,3,68.0
6272,Whitefield,2,1190.0,2,70.0
6273,Whitefield,2,1105.0,2,35.4
6274,Whitefield,2,1270.0,2,94.0
6275,Whitefield,2,1220.0,2,89.0
6276,Whitefield,2,1116.0,2,51.91
6277,Whitefield,3,1436.0,2,62.15
6278,Whitefield,3,3758.0,3,300.0
6279,Whitefield,3,1452.0,2,46.29
6280,Whitefield,2,1370.0,2,56.0
6281,Whitefield,2,1050.0,2,43.0
6282,Whitefield,3,1496.0,2,71.81
6283,Whitefield,2,1216.0,2,72.0
6284,Whitefield,2,1158.0,2,55.0
6285,Whitefield,4,5400.0,5,475.0
6286,Whitefield,3,1396.0,3,74.0
6287,Whitefield,2,1175.0,2,41.0
6288,Whitefield,2,1315.0,2,55.0
6289,Whitefield,3,1451.0,2,46.4
6290,Whitefield,2,1063.0,2,42.52
6291,Whitefield,2,1346.0,2,76.01
6292,Whitefield,2,1276.0,2,69.5
6293,Whitefield,2,1317.0,2,52.0
6294,Whitefield,4,2858.0,4,137.0
6295,Whitefield,3,1615.0,3,96.9
6296,Whitefield,2,1220.0,2,55.0
6297,Whitefield,2,1116.0,2,48.76
6298,Whitefield,3,1400.0,2,56.0
6299,Whitefield,2,1140.0,2,55.0
6300,Whitefield,2,1295.0,2,64.5
6301,Whitefield,2,1200.0,2,70.0
6302,Whitefield,2,1015.0,2,56.0
6303,Whitefield,3,1430.0,3,52.0
6304,Whitefield,2,1216.0,2,75.0
6305,Whitefield,3,2321.0,4,157.0
6306,Whitefield,2,1224.0,2,75.0
6307,Whitefield,3,1655.0,3,113.0
6308,Whitefield,3,1740.0,3,85.0
6309,Whitefield,5,4144.0,5,331.0
6310,Whitefield,2,925.0,2,35.0
6311,Whitefield,2,1175.0,2,50.0
6312,Whitefield,3,1200.0,3,67.75
6313,Whitefield,4,2444.0,4,145.0
6314,Whitefield,2,1270.0,2,110.0
6315,Whitefield,3,1660.0,3,110.0
6316,Whitefield,2,1270.0,2,105.0
6317,Whitefield,2,1315.0,2,69.5
6318,Whitefield,2,1173.0,2,78.2
6319,Whitefield,2,1362.0,2,85.0
6320,Whitefield,2,955.0,2,38.19
6321,Whitefield,3,1457.0,2,105.0
6322,Whitefield,3,1720.0,3,128.0
6323,Whitefield,3,1500.0,3,61.9
6324,Whitefield,2,1495.0,2,78.0
6325,Whitefield,2,1270.0,2,52.0
6326,Whitefield,3,1564.0,3,103.0
6327,Whitefield,2,1240.0,2,41.0
6328,Whitefield,3,1500.0,3,71.0
6329,Whitefield,3,1404.0,2,59.0
6330,Whitefield,3,1639.0,3,107.0
6331,Whitefield,3,1760.0,3,139.0
6332,Whitefield,1,613.0,1,48.0
6333,Whitefield,3,1730.0,3,125.0
6334,Whitefield,3,1453.0,2,58.0
6335,Whitefield,1,877.0,1,59.0
6336,Whitefield,4,2856.0,5,154.5
6337,Whitefield,5,3453.0,4,231.0
6338,Yelahanka,3,1600.0,2,75.0
6339,Yelahanka,2,1326.0,2,78.0
6340,Yelahanka,3,1282.0,2,48.7
6341,Yelahanka,2,1350.0,2,55.55
6342,Yelahanka,2,1035.0,2,45.0
6343,Yelahanka,2,1350.0,2,54.0
6344,Yelahanka,2,1132.5,2,48.13
6345,Yelahanka,2,1210.0,2,45.98
6346,Yelahanka,3,1705.0,3,95.0
6347,Yelahanka,2,1234.0,2,80.0
6348,Yelahanka,2,1315.0,2,85.0
6349,Yelahanka,2,1170.0,2,62.5
6350,Yelahanka,3,1450.0,3,65.255
6351,Yelahanka,1,697.0,1,45.0
6352,Yelahanka,2,1120.0,2,55.0
6353,Yelahanka,3,1662.0,2,67.98
6354,Yelahanka,3,2195.0,4,127.0
6355,Yelahanka,2,1075.0,2,51.5
6356,Yelahanka,3,1614.0,3,95.0
6357,Yelahanka,3,1381.0,2,52.48
6358,Yelahanka,1,628.0,1,24.0
6359,Yelahanka,2,890.0,2,40.0
6360,Yelahanka,3,1815.0,3,82.0
6361,Yelahanka,1,654.0,1,38.4
6362,Yelahanka,2,1150.0,2,46.0
6363,Yelahanka,3,1705.0,3,74.16
6364,Yelahanka,4,3461.0,2,173.0
6365,Yelahanka,4,3042.0,4,131.0
6366,Yelahanka,2,1065.0,2,40.84
6367,Yelahanka,2,1036.0,2,39.35
6368,Yelahanka,2,1300.0,2,65.0
6369,Yelahanka,3,1825.0,3,105.0
6370,Yelahanka,3,1603.0,3,96.0
6371,Yelahanka,2,1304.0,2,79.0
6372,Yelahanka,3,1455.0,3,61.5
6373,Yelahanka,2,1180.0,2,42.0
6374,Yelahanka,3,1616.0,3,65.0
6375,Yelahanka,2,915.0,2,48.0
6376,Yelahanka,2,1026.0,2,41.0
6377,Yelahanka,3,1517.0,3,76.3
6378,Yelahanka,4,2912.5,6,125.5
6379,Yelahanka,2,1274.0,2,48.42
6380,Yelahanka,2,1327.0,2,85.0
6381,Yelahanka,3,1371.0,2,65.0
6382,Yelahanka,3,1712.0,3,82.0
6383,Yelahanka,3,1566.0,3,97.0
6384,Yelahanka,2,1270.0,2,78.0
6385,Yelahanka,3,1400.0,2,80.54
6386,Yelahanka,3,1391.0,2,64.5
6387,Yelahanka,2,1322.0,2,86.0
6388,Yelahanka,2,1100.0,2,70.0
6389,Yelahanka,2,1200.0,2,70.0
6390,Yelahanka,2,1326.0,2,57.0
6391,Yelahanka,5,4000.0,5,220.0
6392,Yelahanka,4,2675.0,4,140.0
6393,Yelahanka,3,1500.0,2,63.0
6394,Yelahanka,1,654.0,1,37.0
6395,Yelahanka,3,1465.0,3,80.01
6396,Yelahanka,3,1721.0,3,80.86
6397,Yelahanka,2,1060.0,2,40.0
6398,Yelahanka,2,1226.0,2,52.71
6399,Yelahanka,3,1692.0,3,83.0
6400,Yelahanka,2,1033.0,2,52.58
6401,Yelahanka,2,1390.0,2,65.31
6402,Yelahanka,2,1040.0,2,48.86
6403,Yelahanka,3,1345.0,2,57.0
6404,Yelahanka,3,2145.0,3,125.0
6405,Yelahanka,2,1200.0,2,54.0
6406,Yelahanka,2,1322.0,2,75.0
6407,Yelahanka,2,1036.0,2,39.37
6408,Yelahanka,2,1405.0,2,50.58
6409,Yelahanka,1,602.0,1,26.0
6410,Yelahanka,2,1100.0,2,60.0
6411,Yelahanka,3,1614.0,2,100.0
6412,Yelahanka,3,1890.0,3,108.0
6413,Yelahanka,3,1556.0,3,86.0
6414,Yelahanka,3,1610.0,4,85.0
6415,Yelahanka,3,1484.0,2,56.4
6416,Yelahanka,2,1260.0,2,59.2
6417,Yelahanka,2,1102.0,2,52.0
6418,Yelahanka,2,1519.0,2,65.0
6419,Yelahanka,3,1859.0,3,108.0
6420,Yelahanka,2,1050.0,2,45.0
6421,Yelahanka,2,1322.0,2,80.0
6422,Yelahanka,2,1285.0,2,56.0
6423,Yelahanka,2,845.0,2,43.0
6424,Yelahanka,4,2600.0,4,175.0
6425,Yelahanka,2,1305.0,2,78.0
6426,Yelahanka,2,1180.0,2,56.0
6427,Yelahanka,3,1711.0,3,85.61
6428,Yelahanka,2,1315.0,2,75.0
6429,Yelahanka,6,3600.0,6,200.0
6430,Yelahanka,2,1390.0,2,70.21
6431,Yelahanka,3,1614.0,3,95.0
6432,Yelahanka,3,1650.0,3,105.0
6433,Yelahanka,2,1200.0,2,55.0
6434,Yelahanka,2,990.0,2,37.62
6435,Yelahanka,2,935.0,2,35.53
6436,Yelahanka,3,1282.0,2,48.72
6437,Yelahanka,4,3990.0,4,260.0
6438,Yelahanka,3,1620.0,3,90.0
6439,Yelahanka,1,654.0,1,36.25
6440,Yelahanka,3,1614.0,3,93.0
6441,Yelahanka,1,694.0,1,30.84
6442,Yelahanka,2,1115.0,2,60.0
6443,Yelahanka,3,2317.0,4,140.0
6444,Yelahanka,3,1653.0,3,93.0
6445,Yelahanka,1,654.0,1,38.0
6446,Yelahanka,2,1633.0,2,72.0
6447,Yelahanka,2,1445.0,2,82.0
6448,Yelahanka,2,1225.0,2,62.0
6449,Yelahanka,1,602.0,1,38.0
6450,Yelahanka,1,697.0,1,35.0
6451,Yelahanka,2,1065.0,2,41.38
6452,Yelahanka,1,682.0,1,36.23
6453,Yelahanka,2,1023.0,2,52.59
6454,Yelahanka,3,1560.0,2,98.0
6455,Yelahanka,3,1780.0,3,107.0
6456,Yelahanka,3,1342.0,2,75.0
6457,Yelahanka,3,1823.0,3,103.0
6458,Yelahanka,3,1792.0,3,104.0
6459,Yelahanka,2,1304.0,2,69.97
6460,Yelahanka,2,1250.0,2,54.0
6461,Yelahanka,2,1270.0,2,57.0
6462,Yelahanka,2,1300.0,2,69.23
6463,Yelahanka,3,1705.0,3,91.0
6464,Yelahanka,3,1890.0,4,85.0
6465,Yelahanka,3,1835.0,3,108.0
6466,Yelahanka,3,1847.0,3,92.0
6467,Yelahanka,5,2500.0,3,120.0
6468,Yelahanka,3,1890.0,3,109.0
6469,Yelahanka,1,700.0,1,38.0
6470,Yelahanka,3,1491.0,3,85.0
6471,Yelahanka,4,2088.0,5,110.0
6472,Yelahanka,2,1185.0,2,45.0
6473,Yelahanka,3,1517.0,3,71.28
6474,Yelahanka,4,3019.0,6,190.0
6475,Yelahanka,3,1756.0,3,66.73
6476,Yelahanka,3,1600.0,3,100.0
6477,Yelahanka,3,1664.0,3,73.95
6478,Yelahanka,2,1140.0,2,50.66
6479,Yelahanka,2,1200.0,2,60.0
6480,Yelahanka,3,1705.0,3,85.0
6481,Yelahanka,3,1350.0,2,85.0
6482,Yelahanka,3,1633.0,3,110.0
6483,Yelahanka,1,827.5,1,42.535
6484,Yelahanka,2,1195.0,2,53.105
6485,Yelahanka,3,1355.0,2,75.0
6486,Yelahanka,4,3175.0,4,156.0
6487,Yelahanka,2,1408.0,2,58.0
6488,Yelahanka,2,1104.0,2,58.0
6489,Yelahanka,3,1325.0,2,58.0
6490,Yelahanka,2,1175.0,2,67.77
6491,Yelahanka,2,1322.0,2,77.9
6492,Yelahanka,1,602.0,1,33.0
6493,Yelahanka,2,1315.0,2,77.0
6494,Yelahanka,3,1430.0,3,61.0
6495,Yelahanka,3,1355.0,2,51.5
6496,Yelahanka,1,567.0,1,25.0
6497,Yelahanka,2,1045.0,2,45.0
6498,Yelahanka,1,602.0,2,30.0
6499,Yelahanka,2,1362.0,2,66.0
6500,Yelahanka,2,1234.0,2,80.0
6501,Yelahanka,3,1282.0,2,48.72
6502,Yelahanka,2,1180.0,2,55.0
6503,Yelahanka,2,1267.0,3,78.0
6504,Yelahanka,2,1360.0,2,78.19
6505,Yelahanka,2,1025.0,2,44.0
6506,Yelahanka New Town,1,650.0,1,33.0
6507,Yelahanka New Town,1,500.0,1,20.0
6508,Yelahanka New Town,1,440.0,1,16.5
6509,Yelahanka New Town,1,960.0,2,18.0
6510,Yelahanka New Town,3,1610.0,3,92.0
6511,Yelahanka New Town,3,1700.0,3,90.0
6512,Yelahanka New Town,1,650.0,1,20.0
6513,Yelahanka New Town,3,1541.0,3,80.0
6514,Yelahanka New Town,2,1385.0,2,65.0
6515,Yelahanka New Town,1,500.0,2,24.0
6516,Yelahanka New Town,1,650.0,1,17.0
6517,Yelahanka New Town,1,450.0,1,16.0
6518,Yelahanka New Town,3,1599.0,3,80.0
6519,Yelahanka New Town,2,960.0,2,50.0
6520,Yelahanka New Town,4,2095.0,3,109.0
6521,Yelahanka New Town,3,1209.0,2,65.0
6522,Yelahanka New Town,3,1400.0,2,80.0
6523,Yelahanka New Town,1,450.0,1,15.0
6524,Yelahanka New Town,1,500.0,1,18.0
6525,Yelahanka New Town,3,1420.0,2,75.0
6526,Yelahanka New Town,3,2437.0,3,125.0
6527,Yelahanka New Town,2,2200.0,2,180.0
6528,Yelahanka New Town,1,488.0,1,20.0
6529,Yelahanka New Town,2,1100.0,2,58.0
6530,Yelahanka New Town,2,860.0,1,31.0
6531,Yelahanka New Town,3,1800.0,2,45.0
6532,Yelahanka New Town,2,1000.0,2,44.0
6533,Yelahanka New Town,1,650.0,1,18.0
6534,Yelahanka New Town,3,1426.0,2,61.5
6535,Yelahanka New Town,3,1740.0,3,150.0
6536,Yelahanka New Town,2,1290.0,2,70.0
6537,Yeshwanthpur,3,2502.0,3,138.0
6538,Yeshwanthpur,3,1693.0,3,108.0
6539,Yeshwanthpur,1,667.0,1,36.85
6540,Yeshwanthpur,4,1950.0,4,130.0
6541,Yeshwanthpur,2,1170.0,2,57.0
6542,Yeshwanthpur,1,665.0,1,36.85
6543,Yeshwanthpur,2,1161.0,2,64.08
6544,Yeshwanthpur,3,2557.0,3,141.0
6545,Yeshwanthpur,3,1850.0,3,100.0
6546,Yeshwanthpur,1,671.0,1,36.85
6547,Yeshwanthpur,2,1277.5,2,95.815
6548,Yeshwanthpur,1,668.0,1,36.85
6549,Yeshwanthpur,2,1185.0,2,75.84
6550,Yeshwanthpur,3,1313.0,3,96.0
6551,Yeshwanthpur,2,1400.0,2,100.0
6552,Yeshwanthpur,3,2559.0,3,141.0
6553,Yeshwanthpur,3,1430.0,3,72.0
6554,Yeshwanthpur,1,673.0,1,36.85
6555,Yeshwanthpur,4,3600.0,5,220.0
6556,Yeshwanthpur,2,1168.0,2,64.08
6557,Yeshwanthpur,1,605.0,1,41.745
6558,Yeshwanthpur,3,1382.0,2,76.18
6559,Yeshwanthpur,1,669.0,1,36.85
6560,Yeshwanthpur,3,1385.0,2,76.18
6561,Yeshwanthpur,2,1200.0,2,63.0
6562,Yeshwanthpur,3,1679.0,3,92.13
6563,Yeshwanthpur,1,670.0,1,36.85
6564,Yeshwanthpur,3,1381.0,2,76.18
6565,Yeshwanthpur,3,1678.0,3,92.13
6566,Yeshwanthpur,2,1240.0,2,80.0
6567,Yeshwanthpur,3,1713.0,3,110.0
6568,Yeshwanthpur,2,1144.0,2,67.0
6569,Yeshwanthpur,3,2501.0,3,138.0
6570,Yeshwanthpur,2,1362.0,2,100.0
6571,Yeshwanthpur,1,666.0,1,36.8
6572,Yeshwanthpur,3,1855.0,3,140.0
6573,Yeshwanthpur,3,2504.0,3,138.0
6574,Yeshwanthpur,2,1165.0,2,85.0
6575,Yeshwanthpur,2,1163.0,2,64.08
6576,Yeshwanthpur,2,1165.0,2,64.08
6577,Yeshwanthpur,3,1825.0,3,145.0
6578,Yeshwanthpur,3,1384.0,2,76.18
6579,Yeshwanthpur,1,994.0,2,54.67
6580,Yeshwanthpur,1,650.0,1,40.0
6581,Yeshwanthpur,3,1855.0,3,140.0
6582,Yeshwanthpur,3,1500.0,3,100.0
6583,Yeshwanthpur,2,1167.0,2,64.08
6584,Yeshwanthpur,2,1164.0,2,64.08
6585,Yeshwanthpur,3,1520.0,3,85.0
6586,Yeshwanthpur,3,1677.0,3,92.13
6587,Yeshwanthpur,1,674.0,1,36.85
6588,Yeshwanthpur,3,1383.0,2,76.18
6589,Yeshwanthpur,1,672.0,1,36.85
6590,Yeshwanthpur,2,1162.0,2,64.08
6591,Yeshwanthpur,2,1166.0,2,64.08
6592,Yeshwanthpur,3,1692.0,3,108.0
6593,Yeshwanthpur,2,1169.0,2,64.08
6594,Yeshwanthpur,6,2500.0,5,185.0
6595,Yeshwanthpur,3,2500.0,3,138.0
6596,Yeshwanthpur,2,1160.0,2,64.08
6597,Yeshwanthpur,3,1676.0,3,92.13
6598,Yeshwanthpur,3,2503.0,3,138.0
6599,Yeshwanthpur,3,1855.0,3,135.0
6600,Yeshwanthpur,3,1675.0,3,92.13
6601,other,4,2600.0,5,120.0
6602,other,3,2770.0,4,290.0
6603,other,2,1100.0,2,48.0
6604,other,1,510.0,1,25.25
6605,other,3,1250.0,3,56.0
6606,other,3,1925.0,3,125.0
6607,other,2,1296.0,2,81.0
6608,other,1,600.0,1,38.0
6609,other,2,869.0,2,36.0
6610,other,2,1270.0,2,50.0
6611,other,2,1500.0,2,185.0
6612,other,2,840.0,2,45.0
6613,other,3,4395.0,3,240.0
6614,other,2,845.0,2,55.0
6615,other,3,2511.0,3,205.0
6616,other,6,4400.0,6,250.0
6617,other,3,1660.0,2,105.0
6618,other,3,1325.0,2,60.8
6619,other,2,1000.0,2,70.0
6620,other,3,1450.0,2,70.0
6621,other,3,1330.0,2,48.0
6622,other,2,1200.0,2,65.0
6623,other,3,1200.0,3,90.0
6624,other,2,1007.0,2,43.0
6625,other,2,1200.0,2,50.0
6626,other,2,966.0,2,49.9
6627,other,3,1800.0,3,120.0
6628,other,3,1413.0,2,75.0
6629,other,4,2650.0,4,150.0
6630,other,3,1600.0,3,65.0
6631,other,2,945.0,2,54.0
6632,other,3,1870.0,3,110.0
6633,other,3,1260.0,2,85.05
6634,other,2,1000.0,2,60.0
6635,other,7,4000.0,7,225.0
6636,other,3,1612.0,3,46.74
6637,other,2,957.0,2,58.0
6638,other,3,1250.0,2,44.0
6639,other,3,2795.0,4,235.0
6640,other,3,1350.0,2,48.0
6641,other,3,1904.0,3,150.0
6642,other,3,2000.0,3,175.0
6643,other,3,1425.0,2,75.0
6644,other,3,1470.0,2,70.0
6645,other,3,1500.0,3,100.0
6646,other,1,400.0,1,14.0
6647,other,2,1340.0,2,55.7
6648,other,3,1550.0,2,80.0
6649,other,3,1783.0,3,115.0
6650,other,2,980.0,2,48.0
6651,other,2,1207.0,2,43.5
6652,other,3,1798.0,3,89.0
6653,other,3,1580.0,3,100.0
6654,other,2,1295.0,2,65.0
6655,other,3,1415.0,3,78.0
6656,other,4,2000.0,4,75.5
6657,other,3,2405.0,4,260.0
6658,other,2,1500.0,2,115.0
6659,other,2,805.0,2,22.14
6660,other,2,1148.0,2,60.0
6661,other,2,1110.0,2,55.0
6662,other,2,1290.0,2,110.0
6663,other,3,1500.0,2,65.0
6664,other,2,1080.0,2,39.0
6665,other,2,1060.0,2,60.0
6666,other,3,1644.0,3,84.0
6667,other,2,1285.0,2,72.5
6668,other,3,4050.0,3,280.0
6669,other,3,2420.0,3,185.0
6670,other,2,1060.0,2,55.0
6671,other,2,900.0,2,22.5
6672,other,2,1280.0,2,69.0
6673,other,3,3045.0,3,170.0
6674,other,3,1464.0,3,46.0
6675,other,2,900.0,2,110.0
6676,other,4,4111.0,4,250.0
6677,other,2,861.0,2,34.5
6678,other,2,1084.0,2,50.0
6679,other,2,950.0,2,47.0
6680,other,4,2000.0,4,120.0
6681,other,2,1100.0,2,45.0
6682,other,3,1665.0,3,95.0
6683,other,4,1664.0,4,65.0
6684,other,3,1560.0,3,115.0
6685,other,2,1140.0,2,46.5
6686,other,2,850.0,2,27.0
6687,other,2,1113.0,2,51.0
6688,other,2,1200.0,2,55.0
6689,other,3,1645.0,3,95.0
6690,other,2,1200.0,2,79.0
6691,other,2,1230.0,2,48.0
6692,other,2,1250.0,2,40.0
6693,other,3,1350.0,2,140.0
6694,other,3,1800.0,3,150.0
6695,other,3,1592.0,3,75.0
6696,other,3,1762.0,3,125.0
6697,other,2,950.0,2,50.0
6698,other,4,3252.0,5,335.0
6699,other,2,1308.0,2,89.04
6700,other,3,1200.0,3,90.0
6701,other,2,1166.0,2,55.0
6702,other,3,1935.0,3,110.0
6703,other,3,1629.0,3,79.0
6704,other,2,825.0,2,33.0
6705,other,2,1460.0,2,58.0
6706,other,2,1185.0,2,38.0
6707,other,3,1760.0,3,88.0
6708,other,2,1125.0,2,62.0
6709,other,2,1069.0,2,55.0
6710,other,2,1240.0,2,47.12
6711,other,3,2150.0,4,240.0
6712,other,3,1450.0,3,55.0
6713,other,3,1630.0,3,68.29
6714,other,4,3309.0,4,325.0
6715,other,3,1620.0,3,98.0
6716,other,11,5000.0,9,360.0
6717,other,2,850.0,2,30.0
6718,other,2,1150.0,2,126.0
6719,other,2,1270.0,2,98.0
6720,other,2,1200.0,2,62.0
6721,other,4,4800.0,4,235.0
6722,other,2,1200.0,2,74.0
6723,other,3,1464.0,3,56.0
6724,other,4,2000.0,4,99.0
6725,other,3,1753.0,3,120.0
6726,other,2,1000.0,2,53.0
6727,other,2,950.0,2,32.0
6728,other,3,1300.0,3,58.0
6729,other,2,1115.0,2,40.0
6730,other,1,700.0,1,41.0
6731,other,4,1600.0,4,80.0
6732,other,4,3000.0,5,275.0
6733,other,3,1595.0,3,115.0
6734,other,2,1353.0,2,110.0
6735,other,1,1200.0,2,85.0
6736,other,3,1867.0,3,160.0
6737,other,2,1028.0,2,45.5
6738,other,2,1222.0,2,45.0
6739,other,3,1385.0,2,48.48
6740,other,9,5000.0,9,210.0
6741,other,3,1325.0,2,90.0
6742,other,5,2845.0,5,140.0
6743,other,3,1600.0,2,50.0
6744,other,2,1800.0,1,80.0
6745,other,2,950.0,2,40.0
6746,other,2,1056.0,2,80.0
6747,other,2,1080.0,2,50.0
6748,other,2,1160.0,2,55.0
6749,other,3,1544.0,3,120.0
6750,other,2,1200.0,2,65.0
6751,other,1,540.0,1,36.0
6752,other,3,1578.0,3,180.0
6753,other,2,1180.0,2,42.0
6754,other,2,961.0,2,38.0
6755,other,2,1600.0,2,115.0
6756,other,1,416.0,1,18.5
6757,other,2,1100.0,2,98.0
6758,other,2,1260.0,2,45.0
6759,other,3,1630.0,3,85.0
6760,other,3,2791.0,3,223.0
6761,other,1,834.0,1,60.0
6762,other,3,2060.0,3,140.0
6763,other,4,3000.0,5,260.0
6764,other,2,1374.0,2,95.0
6765,other,3,1400.0,3,60.0
6766,other,3,1375.0,3,70.0
6767,other,1,469.0,1,25.0
6768,other,3,1820.0,2,86.0
6769,other,6,3600.0,4,160.0
6770,other,1,750.0,1,40.0
6771,other,2,1160.0,2,52.2
6772,other,3,1220.0,2,35.23
6773,other,3,1641.0,3,66.0
6774,other,2,1630.0,2,200.0
6775,other,3,2072.0,3,108.0
6776,other,3,1200.0,2,70.0
6777,other,3,1350.0,3,77.0
6778,other,4,4046.0,4,445.0
6779,other,2,1355.0,2,115.0
6780,other,1,600.0,1,50.0
6781,other,3,1875.0,3,165.0
6782,other,2,1083.0,2,61.75
6783,other,3,2300.0,3,120.0
6784,other,2,1240.0,2,60.0
6785,other,3,1750.0,3,120.0
6786,other,2,1230.0,2,43.48
6787,other,3,1500.0,3,139.0
6788,other,3,1500.0,2,87.0
6789,other,2,950.0,2,44.0
6790,other,2,1045.0,2,45.0
6791,other,3,1570.0,3,62.0
6792,other,3,1855.0,3,225.0
6793,other,3,1325.0,3,57.0
6794,other,2,1202.0,2,48.0
6795,other,2,1200.0,2,62.5
6796,other,1,425.0,1,20.03
6797,other,2,1100.0,2,48.0
6798,other,1,600.0,1,60.0
6799,other,2,1468.0,2,140.0
6800,other,3,1750.0,3,85.0
6801,other,4,2760.0,4,155.0
6802,other,2,820.0,2,30.0
6803,other,2,1177.5,2,59.935
6804,other,2,1105.0,2,58.0
6805,other,1,1276.0,2,93.0
6806,other,3,1975.0,3,150.0
6807,other,1,445.0,1,28.0
6808,other,2,920.0,2,40.0
6809,other,3,1602.0,2,75.0
6810,other,3,1352.0,3,135.0
6811,other,3,1566.0,3,83.3
6812,other,3,1780.0,3,84.83
6813,other,3,1375.0,3,75.0
6814,other,2,1022.0,2,40.0
6815,other,3,1400.0,2,55.0
6816,other,3,1630.0,3,194.0
6817,other,3,1665.0,3,86.58
6818,other,3,1976.0,3,184.0
6819,other,4,5500.0,4,600.0
6820,other,2,1567.0,2,92.0
6821,other,3,1320.0,3,65.0
6822,other,2,1276.0,2,45.0
6823,other,3,1740.0,2,95.0
6824,other,3,1200.0,3,95.0
6825,other,2,823.0,2,28.0
6826,other,2,1180.0,2,69.0
6827,other,1,686.0,1,17.0
6828,other,2,1001.0,2,33.03
6829,other,3,2400.0,2,80.0
6830,other,2,884.0,1,58.0
6831,other,2,1282.0,2,87.0
6832,other,2,1020.0,2,45.9
6833,other,3,1611.0,2,64.44
6834,other,3,1500.0,2,95.0
6835,other,2,1300.0,1,115.0
6836,other,2,1060.0,2,55.0
6837,other,2,1020.0,2,48.45
6838,other,1,530.0,1,20.0
6839,other,2,1350.0,2,80.0
6840,other,3,1565.0,2,75.0
6841,other,2,900.0,2,27.0
6842,other,1,1200.0,1,20.0
6843,other,3,1200.0,3,56.12
6844,other,3,1548.0,3,89.5
6845,other,2,1025.0,2,44.5
6846,other,2,1225.0,2,53.0
6847,other,2,1141.0,2,62.0
6848,other,7,4100.0,7,140.0
6849,other,1,1276.0,1,110.0
6850,other,2,1175.0,2,48.27
6851,other,1,950.0,1,40.0
6852,other,2,1209.0,2,50.0
6853,other,5,4200.0,5,225.0
6854,other,3,1800.0,3,90.0
6855,other,3,1563.0,3,52.0
6856,other,3,1464.0,2,105.0
6857,other,2,1135.0,2,39.73
6858,other,2,1405.0,2,70.0
6859,other,3,1480.0,3,90.0
6860,other,3,1600.0,3,90.0
6861,other,2,1276.0,2,29.5
6862,other,2,1200.0,2,35.0
6863,other,3,1500.0,3,115.0
6864,other,3,1824.0,3,125.0
6865,other,1,750.0,1,56.25
6866,other,3,1260.0,2,60.0
6867,other,2,1060.0,2,42.0
6868,other,3,1637.0,3,73.0
6869,other,3,1500.0,3,62.0
6870,other,2,1339.0,2,55.0
6871,other,3,1600.0,3,75.0
6872,other,2,1225.0,2,55.11
6873,other,3,1570.0,3,80.0
6874,other,2,1039.0,2,80.0
6875,other,2,1000.0,2,50.0
6876,other,3,1520.0,2,75.0
6877,other,4,6000.0,5,400.0
6878,other,2,1117.0,2,56.0
6879,other,2,1053.0,2,45.0
6880,other,1,700.0,1,38.0
6881,other,3,2400.0,3,170.0
6882,other,2,1480.0,2,65.0
6883,other,3,1500.0,2,98.0
6884,other,3,3095.0,3,350.0
6885,other,2,910.0,2,30.5
6886,other,1,565.0,1,35.0
6887,other,2,1233.0,2,43.0
6888,other,1,1200.0,1,28.0
6889,other,2,950.0,2,65.0
6890,other,2,1200.0,2,46.17
6891,other,3,1500.0,3,100.0
6892,other,3,1475.0,2,120.0
6893,other,2,1133.0,2,55.0
6894,other,5,2900.0,5,90.0
6895,other,3,1560.0,3,188.0
6896,other,2,1078.0,2,65.0
6897,other,2,1060.0,2,48.7
6898,other,2,820.0,2,39.0
6899,other,3,2000.0,3,85.0
6900,other,2,856.0,2,40.0
6901,other,3,1200.0,3,68.4
6902,other,4,14000.0,3,800.0
6903,other,1,485.0,1,15.0
6904,other,3,1384.0,3,62.28
6905,other,3,1508.0,3,70.25
6906,other,3,1960.0,3,160.0
6907,other,4,2150.0,4,80.0
6908,other,4,2325.0,4,120.0
6909,other,3,1600.0,3,52.0
6910,other,2,1006.0,2,35.0
6911,other,2,1250.0,2,62.0
6912,other,3,1200.0,3,130.0
6913,other,2,957.0,2,56.0
6914,other,2,1050.0,2,67.0
6915,other,3,1565.0,3,88.5
6916,other,3,1596.0,3,105.0
6917,other,3,1300.0,2,58.5
6918,other,3,1800.0,3,80.0
6919,other,2,925.0,2,48.0
6920,other,2,1395.0,2,63.59
6921,other,3,1419.0,2,59.0
6922,other,3,1650.0,3,88.0
6923,other,3,1200.0,3,85.0
6924,other,2,1132.0,2,67.0
6925,other,2,1262.0,2,63.0
6926,other,3,1515.0,3,88.0
6927,other,3,1655.0,3,86.06
6928,other,7,5000.0,7,299.0
6929,other,2,1380.0,2,80.0
6930,other,3,1450.0,3,65.0
6931,other,3,3200.0,4,350.0
6932,other,2,1200.0,2,54.0
6933,other,4,4346.0,5,500.0
6934,other,1,510.0,1,25.25
6935,other,2,1178.0,2,47.0
6936,other,3,1450.0,2,50.75
6937,other,2,999.0,2,45.0
6938,other,3,1267.0,3,56.0
6939,other,2,1150.0,2,72.2
6940,other,3,1550.0,3,65.0
6941,other,3,2200.0,3,187.0
6942,other,3,3329.0,3,330.0
6943,other,2,1090.0,2,52.0
6944,other,4,3600.0,4,300.0
6945,other,2,920.0,2,39.55
6946,other,3,1300.0,3,64.0
6947,other,3,1595.0,3,76.0
6948,other,5,4050.0,5,140.0
6949,other,2,1093.0,2,65.0
6950,other,2,1105.0,2,52.48
6951,other,2,1367.0,2,62.0
6952,other,3,1535.0,3,95.0
6953,other,2,1700.0,2,150.0
6954,other,3,1475.0,2,58.99
6955,other,2,1363.0,2,68.0
6956,other,2,1015.0,2,45.0
6957,other,2,1100.0,2,62.7
6958,other,2,930.0,2,45.0
6959,other,3,1650.0,2,80.0
6960,other,4,2900.0,3,135.0
6961,other,3,1240.0,2,46.0
6962,other,2,1440.0,2,98.0
6963,other,2,1100.0,2,60.0
6964,other,2,1080.0,2,80.0
6965,other,4,1600.0,3,172.0
6966,other,3,1450.0,2,85.0
6967,other,4,2000.0,3,166.0
6968,other,2,1300.0,2,55.0
6969,other,2,1050.0,2,45.0
6970,other,3,1250.0,3,39.5
6971,other,3,1756.0,3,100.0
6972,other,3,1532.0,3,92.0
6973,other,3,1650.0,3,110.0
6974,other,2,1200.0,2,66.0
6975,other,2,1180.0,2,48.0
6976,other,3,1525.0,2,122.0
6977,other,3,1435.0,3,70.0
6978,other,2,1200.0,2,50.0
6979,other,2,1225.0,2,46.86
6980,other,2,950.0,2,39.0
6981,other,3,1560.0,2,66.0
6982,other,3,1785.0,3,75.0
6983,other,2,1070.0,2,42.0
6984,other,4,2400.0,3,200.0
6985,other,5,3356.0,5,105.0
6986,other,3,1400.0,2,73.0
6987,other,2,1010.0,2,40.39
6988,other,2,1052.0,2,50.0
6989,other,2,1300.0,2,60.0
6990,other,2,3040.0,1,180.0
6991,other,3,1294.0,2,48.0
6992,other,3,1580.0,3,75.0
6993,other,3,1808.0,4,80.27
6994,other,2,1194.0,2,47.0
6995,other,3,1310.0,2,50.0
6996,other,2,2400.0,1,150.0
6997,other,3,1390.0,3,120.0
6998,other,2,1135.0,2,68.0
6999,other,2,900.0,2,55.0
7000,other,3,1378.0,2,42.33
7001,other,2,1210.0,2,62.0
7002,other,3,1464.0,3,56.0
7003,other,3,2500.0,3,250.0
7004,other,3,1690.0,3,125.0
7005,other,3,1600.0,3,80.0
7006,other,3,1250.0,3,39.5
7007,other,3,1600.0,2,80.0
7008,other,2,1200.0,2,53.0
7009,other,2,1028.0,2,42.0
7010,other,3,1200.0,2,34.0
7011,other,3,2700.0,4,270.0
7012,other,2,1100.0,2,50.0
7013,other,2,1269.72,2,68.0
7014,other,2,1552.0,2,51.0
7015,other,4,2100.0,4,155.0
7016,other,2,1300.0,2,65.0
7017,other,3,1515.0,3,93.93
7018,other,4,2400.0,5,85.0
7019,other,4,3000.0,4,160.0
7020,other,2,1243.0,2,58.0
7021,other,3,2070.0,3,162.0
7022,other,3,1616.0,3,75.0
7023,other,6,2700.0,4,214.0
7024,other,3,2000.0,3,210.0
7025,other,5,2400.0,4,300.0
7026,other,3,1375.0,3,57.0
7027,other,3,1400.0,2,48.0
7028,other,3,1645.0,3,100.0
7029,other,3,1760.0,3,176.0
7030,other,1,595.0,1,42.0
7031,other,3,1200.0,3,125.0
7032,other,2,1410.0,2,67.0
7033,other,2,1090.0,2,31.48
7034,other,2,1254.0,2,53.0
7035,other,7,2800.0,7,125.0
7036,other,2,1170.0,2,86.0
7037,other,4,2200.0,4,235.0
7038,other,3,1276.0,3,95.0
7039,other,3,2800.0,2,200.0
7040,other,2,1000.0,2,50.0
7041,other,2,920.0,2,35.0
7042,other,4,2400.0,3,142.0
7043,other,1,1200.0,1,48.0
7044,other,4,2028.0,4,162.0
7045,other,3,2611.0,3,239.0
7046,other,3,1800.0,3,180.0
7047,other,2,1163.0,2,98.86
7048,other,3,1464.0,3,56.0
7049,other,2,1280.0,2,40.0
7050,other,3,2000.0,3,85.0
7051,other,3,1722.0,3,95.0
7052,other,3,3817.0,2,124.0
7053,other,3,1650.0,3,175.0
7054,other,2,840.0,2,27.0
7055,other,3,1670.0,3,91.86
7056,other,2,1184.0,2,53.0
7057,other,2,1200.0,2,55.0
7058,other,2,1242.0,2,39.7
7059,other,3,1690.0,2,55.0
7060,other,3,1488.0,3,57.0
7061,other,3,1250.0,2,80.0
7062,other,2,1296.0,2,75.0
7063,other,3,1650.0,4,160.0
7064,other,2,1115.0,2,50.0
7065,other,4,1900.0,2,170.0
7066,other,2,1101.0,2,65.5
7067,other,3,1494.0,2,94.55
7068,other,2,800.0,2,50.0
7069,other,2,1300.0,2,120.0
7070,other,2,1225.0,2,150.0
7071,other,2,1145.0,2,55.0
7072,other,2,1260.0,2,58.0
7073,other,2,1190.0,2,55.0
7074,other,4,3675.0,4,367.0
7075,other,2,1200.0,2,150.0
7076,other,2,1250.0,2,65.0
7077,other,2,1225.0,2,48.0
7078,other,2,800.0,2,28.0
7079,other,2,1020.0,2,58.0
7080,other,2,1350.0,2,80.0
7081,other,4,1800.0,3,220.0
7082,other,3,2000.0,3,100.0
7083,other,3,1614.0,3,110.0
7084,other,4,1632.0,3,145.0
7085,other,2,1041.0,2,65.5
7086,other,4,3012.0,6,250.0
7087,other,3,1450.0,2,135.0
7088,other,2,1188.0,2,73.0
7089,other,2,980.0,2,37.0
7090,other,3,1480.0,3,90.0
7091,other,2,2400.0,2,95.0
7092,other,2,1045.0,2,42.0
7093,other,2,955.0,2,53.55
7094,other,3,1360.0,2,54.39
7095,other,2,1150.0,2,63.0
7096,other,2,1115.0,2,56.87
7097,other,3,2479.13,3,215.0
7098,other,2,1100.0,2,106.0
7099,other,3,1690.0,3,75.0
7100,other,2,1068.0,2,40.05
7101,other,3,1925.0,3,120.0
7102,other,1,650.0,1,26.0
7103,other,3,1410.0,2,45.12
7104,other,3,2000.0,3,207.0
7105,other,2,1050.0,2,110.0
7106,other,1,600.0,1,28.0
7107,other,2,1000.0,2,36.0
7108,other,2,900.0,2,45.0
7109,other,3,1550.0,2,70.0
7110,other,3,1329.0,2,45.95
7111,other,2,916.0,2,42.0
7112,other,3,1358.0,3,50.0
7113,other,2,1206.0,2,56.0
7114,other,3,1936.0,2,54.21
7115,other,4,2172.65,3,120.0
7116,other,3,1685.0,2,110.0
7117,other,3,1700.0,3,130.0
7118,other,2,850.0,2,33.0
7119,other,3,1550.0,3,110.0
7120,other,1,500.0,1,20.0
7121,other,2,1146.0,2,38.5
7122,other,3,3155.0,4,370.0
7123,other,3,1765.0,3,105.0
7124,other,2,1265.0,2,70.0
7125,other,2,1012.0,2,59.0
7126,other,3,1270.0,2,70.0
7127,other,3,2045.0,4,154.0
7128,other,7,4400.0,9,120.0
7129,other,6,2400.0,4,280.0
7130,other,1,581.91,2,25.0
7131,other,3,1210.0,2,58.0
7132,other,2,925.0,2,51.0
7133,other,2,1415.0,2,110.0
7134,other,2,1210.0,2,60.0
7135,other,2,1150.0,2,40.25
7136,other,2,1100.0,2,55.0
7137,other,4,4750.0,5,600.0
7138,other,3,1840.0,3,155.0
7139,other,3,1200.0,2,150.0
7140,other,2,1250.0,2,60.0
7141,other,2,824.0,2,60.0
7142,other,3,1220.0,3,56.0
7143,other,3,1340.0,2,100.0
7144,other,4,1690.0,3,80.0
7145,other,3,1620.0,2,110.0
7146,other,4,4800.0,4,190.0
7147,other,3,1533.0,3,115.0
7148,other,2,1352.0,2,87.5
7149,other,3,1560.0,3,85.0
7150,other,4,3012.0,6,268.0
7151,other,2,1160.0,2,52.0
7152,other,3,1875.0,2,235.0
7153,other,3,1375.0,2,48.06
7154,other,1,750.0,1,25.0
7155,other,3,1270.0,2,50.79
7156,other,3,1375.0,2,85.0
7157,other,2,1095.0,2,40.0
7158,other,3,1440.0,2,60.33
7159,other,2,1200.0,2,49.5
7160,other,2,975.0,2,43.0
7161,other,3,1550.0,2,65.0
7162,other,5,2800.0,4,200.0
7163,other,2,1190.0,2,68.0
7164,other,3,1775.0,3,110.0
7165,other,2,900.0,2,42.0
7166,other,3,1500.0,3,88.0
7167,other,3,3000.0,3,338.0
7168,other,2,1010.0,2,46.0
7169,other,2,1101.0,2,65.0
7170,other,2,1140.0,2,76.0
7171,other,2,1198.0,2,84.0
7172,other,2,1370.0,2,75.0
7173,other,2,1316.0,2,55.5
7174,other,2,1050.0,2,43.0
7175,other,4,1850.0,4,86.0
7176,other,4,2800.0,4,89.0
7177,other,6,2400.0,7,110.0
7178,other,2,1000.0,1,55.0
7179,other,2,1200.0,2,125.0
7180,other,2,1200.0,2,50.0
7181,other,2,1313.0,2,58.27
7182,other,2,936.0,2,42.0
7183,other,3,1470.0,2,110.0
7184,other,1,1050.0,1,70.0
7185,other,3,1200.0,2,80.0
7186,other,3,1901.0,3,119.0
7187,other,3,1464.0,3,56.0
7188,other,2,1256.0,2,60.0
7189,other,2,1020.0,2,37.0
7190,other,2,830.0,2,34.0
7191,other,2,1210.0,2,40.0
7192,other,2,2200.0,2,55.0
7193,other,2,1520.0,2,62.0
7194,other,3,2300.0,3,80.0
7195,other,4,3000.0,4,200.0
7196,other,1,400.0,1,14.0
7197,other,3,2556.0,3,133.0
7198,other,2,946.0,2,38.0
7199,other,3,2121.0,4,253.0
7200,other,2,860.0,1,43.0
7201,other,2,1150.0,2,52.75
7202,other,2,1070.0,2,39.0
7203,other,2,1200.0,2,70.0
7204,other,3,1767.0,3,98.0
7205,other,3,1700.0,3,80.0
7206,other,2,1100.0,2,60.0
7207,other,3,1408.0,3,62.0
7208,other,5,6040.0,4,170.0
7209,other,2,1300.0,2,79.0
7210,other,2,1311.0,2,48.0
7211,other,4,3500.0,4,350.0
7212,other,3,1400.0,2,55.0
7213,other,3,1760.0,3,145.0
7214,other,3,1942.0,3,102.0
7215,other,2,1000.0,2,53.0
7216,other,1,800.0,1,100.0
7217,other,3,1567.0,3,90.0
7218,other,2,950.0,2,45.0
7219,other,2,1022.0,2,52.0
7220,other,4,2000.0,3,25.0
7221,other,2,1322.0,2,68.0
7222,other,4,1800.0,4,145.0
7223,other,3,1460.0,2,58.39
7224,other,2,990.0,2,44.55
7225,other,3,2400.0,3,260.0
7226,other,3,1533.0,3,85.0
7227,other,2,900.0,2,27.0
7228,other,3,1475.0,3,70.0
7229,other,2,1135.0,2,55.0
7230,other,1,605.0,1,29.0
7231,other,2,1000.0,2,30.0
7232,other,2,1200.0,2,83.0
7233,other,2,1452.55,2,110.0
7234,other,3,2357.0,3,151.0
7235,other,2,1170.0,2,105.0
7236,other,3,1411.0,3,91.72
7237,other,2,1200.0,3,44.0
7238,other,3,3095.0,3,375.0
7239,other,3,1545.0,2,58.0
7240,other,2,1350.0,2,67.5
7241,other,3,1305.0,2,49.0
7242,other,2,1352.0,2,85.0
7243,other,2,1240.0,2,43.79
7244,other,4,3600.0,4,365.0
7245,other,2,1175.0,2,48.27
7246,other,3,1550.0,2,90.0
7247,other,3,1405.0,2,77.0
7248,other,4,4000.0,4,170.0
7249,other,3,1945.0,3,120.0
7250,other,2,1235.0,2,43.63
7251,other,3,1465.0,2,74.72
7252,other,3,1650.0,3,165.0
7253,other,3,1550.0,2,150.0
7254,other,3,1360.0,2,59.27
7255,other,3,1200.0,3,74.0
7256,other,2,965.0,2,42.5
7257,other,3,1229.0,3,86.03
7258,other,2,1065.0,2,50.0
7259,other,2,1030.0,2,61.0
7260,other,2,1340.0,2,61.0
7261,other,1,600.0,1,32.0
7262,other,2,1165.0,2,135.0
7263,other,2,1107.0,2,33.0
7264,other,3,2319.0,3,180.0
7265,other,3,1520.0,3,80.0
7266,other,3,1536.0,3,89.0
7267,other,4,3000.0,4,240.0
7268,other,2,1050.0,2,38.0
7269,other,2,1112.0,2,62.0
7270,other,3,2072.0,3,108.0
7271,other,2,1315.0,2,90.0
7272,other,2,1210.0,2,72.0
7274,other,3,1215.0,3,42.2
7275,other,4,30000.0,4,2100.0
7276,other,3,1445.0,3,64.0
7277,other,3,1655.0,3,115.0
7278,other,2,1170.0,2,68.0
7279,other,2,1200.0,2,60.0
7280,other,2,1600.0,2,110.0
7281,other,2,955.0,1,34.01
7282,other,3,1370.0,2,75.0
7283,other,3,3297.0,3,135.0
7284,other,2,1187.0,2,45.0
7285,other,3,3000.0,2,120.0
7286,other,3,1980.0,3,224.0
7287,other,3,1739.0,3,105.0
7288,other,2,1100.0,2,55.0
7289,other,1,674.0,1,21.0
7290,other,3,2289.0,3,260.0
7291,other,2,1100.0,2,38.45
7292,other,3,1700.0,3,97.0
7293,other,2,1263.0,2,93.32
7294,other,3,1900.0,3,160.0
7295,other,3,1360.0,3,55.0
7296,other,2,1100.0,2,75.0
7297,other,2,1050.0,2,40.0
7298,other,3,1929.0,3,115.0
7299,other,4,3161.0,4,214.0
7300,other,7,4500.0,5,250.0
7301,other,2,1020.0,2,40.0
7302,other,3,3515.0,3,420.0
7303,other,4,3500.0,5,150.0
7304,other,2,1051.0,2,33.0
7305,other,2,1226.0,3,135.0
7306,other,2,1100.0,2,70.0
7307,other,4,2200.0,4,195.0
7308,other,3,1455.0,2,56.0
7309,other,1,440.0,1,28.0
7310,other,4,4200.0,4,255.0
7311,other,2,1200.0,2,55.0
7312,other,2,1020.0,2,42.48
7313,other,1,700.0,1,41.0
7314,other,3,1300.0,2,49.0
7315,other,2,1400.0,2,67.0
7316,other,2,1200.0,2,53.0
7317,other,3,1535.0,3,55.0
7318,other,3,3000.0,3,250.0
7319,other,2,1100.0,2,61.0
7320,other,3,1295.0,2,59.5
7321,other,1,527.0,1,26.0
7322,other,2,1300.0,2,80.0
7323,other,1,1260.0,1,41.0
7324,other,1,1500.0,1,37.5
7325,other,1,600.0,1,17.0
7326,other,3,1360.0,2,65.0
7327,other,3,2167.0,3,170.0
7328,other,2,1165.0,2,75.0
7329,other,2,1035.0,2,35.77
7330,other,3,1272.0,4,75.0
7331,other,2,965.0,2,45.0
7332,other,2,1276.0,2,38.0
7333,other,7,7500.0,7,400.0
7334,other,2,904.0,2,30.0
7335,other,2,1121.0,2,43.72
7336,other,2,1463.0,1,142.0
7337,other,3,1306.0,2,58.0
7338,other,3,2401.0,3,185.0
7339,other,4,1670.0,3,135.0
7340,other,3,1875.0,2,235.0
7341,other,3,1200.0,3,90.0
7342,other,1,700.0,1,36.0
7343,other,2,1160.0,2,46.39
7344,other,2,1043.0,2,55.0
7345,other,3,1357.0,2,65.0
7346,other,2,1225.0,2,47.0
7347,other,2,1130.0,2,40.0
7348,other,3,1700.0,3,120.0
7349,other,1,890.0,1,75.0
7350,other,2,1110.0,2,51.0
7351,other,2,1300.0,2,54.0
7352,other,3,2400.0,3,290.0
7353,other,2,960.0,2,32.0
7354,other,3,1690.0,3,100.0
7355,other,2,1365.0,2,73.0
7356,other,2,1194.0,2,47.0
7357,other,3,1355.0,3,61.0
7358,other,2,1350.0,2,90.0
7359,other,3,1460.0,3,88.0
7360,other,3,1685.0,3,95.0
7361,other,2,1200.0,2,130.0
7362,other,2,1194.0,2,46.0
7363,other,1,800.0,1,52.0
7364,other,4,4000.0,5,280.0
7365,other,2,1180.0,2,52.0
7366,other,2,1100.0,2,53.0
7367,other,2,1392.0,2,99.0
7368,other,5,2000.0,4,103.0
7369,other,2,1147.0,2,54.0
7370,other,2,1100.0,2,40.0
7371,other,5,2400.0,5,235.0
7372,other,3,2100.0,3,75.0
7373,other,3,1215.0,2,46.5
7374,other,2,1105.0,2,49.73
7375,other,3,1400.0,2,67.0
7376,other,5,2500.0,5,130.0
7377,other,1,461.82,1,31.7
7378,other,2,1210.0,2,55.0
7379,other,3,2392.0,4,260.0
7380,other,3,1500.0,2,85.0
7381,other,2,1065.0,2,50.0
7382,other,4,1800.0,4,110.0
7383,other,2,1205.0,2,42.18
7384,other,2,1260.0,2,75.0
7385,other,2,1199.0,2,50.0
7386,other,10,12000.0,12,525.0
7387,other,2,1070.0,2,33.0
7388,other,3,2430.0,4,180.0
7389,other,3,2820.0,3,285.0
7390,other,3,1950.0,3,130.0
7391,other,3,1286.0,3,61.44
7392,other,2,1326.0,2,62.17
7393,other,3,1350.0,2,140.0
7394,other,3,1605.0,3,50.0
7395,other,3,1445.0,2,125.0
7396,other,3,1550.0,3,74.0
7397,other,1,794.0,1,60.0
7398,other,3,2800.0,3,250.0
7399,other,3,1665.0,3,70.0
7400,other,4,4051.0,4,345.0
7401,other,3,1900.0,3,60.0
7402,other,2,1308.0,2,92.66
7403,other,3,1320.0,2,60.6
7404,other,3,1295.0,2,59.5
7405,other,2,1020.0,2,41.0
7406,other,3,2100.0,3,170.0
7407,other,3,1991.0,3,160.0
7408,other,3,1665.0,3,110.0
7409,other,2,1234.0,2,61.0
7410,other,2,1325.0,2,70.0
7411,other,3,1200.0,3,66.0
7412,other,3,2220.0,4,65.0
7413,other,4,3000.0,4,342.0
7414,other,3,1559.0,3,63.0
7415,other,6,2400.0,6,245.0
7416,other,2,1069.0,2,55.0
7417,other,2,829.0,2,22.8
7418,other,2,1375.0,2,105.0
7419,other,3,1693.0,3,108.0
7420,other,2,1160.0,2,41.75
7421,other,2,900.0,2,45.0
7422,other,2,1500.0,3,65.0
7423,other,2,1175.0,2,48.0
7424,other,2,1200.0,2,50.0
7425,other,2,1364.0,2,70.0
7426,other,2,1146.0,2,39.5
7427,other,2,1110.0,2,41.0
7428,other,2,1156.0,2,49.5
7429,other,2,1247.0,2,59.8
7430,other,2,1058.0,2,60.0
7431,other,2,950.0,2,48.0
7432,other,1,900.0,1,30.0
7433,other,3,1672.0,3,150.0
7434,other,5,2800.0,5,125.0
7435,other,3,1500.0,2,65.0
7436,other,2,1400.0,2,65.0
7437,other,3,1250.0,3,139.0
7438,other,2,1468.0,3,130.0
7439,other,2,970.0,2,35.0
7440,other,2,1166.0,2,53.0
7441,other,3,2779.0,3,317.0
7442,other,2,900.0,2,46.0
7443,other,2,1300.0,2,61.0
7444,other,3,1480.0,2,145.0
7445,other,3,1500.0,3,65.0
7446,other,2,1086.0,2,33.66
7447,other,2,820.0,2,24.0
7448,other,2,1351.0,2,70.0
7449,other,3,3900.0,3,300.0
7450,other,3,2280.0,3,285.0
7451,other,3,2000.0,3,200.0
7452,other,3,1460.0,2,73.0
7453,other,2,1150.0,2,52.8
7454,other,4,4200.0,4,325.0
7455,other,2,1000.0,2,60.0
7456,other,3,2400.0,2,150.0
7457,other,2,1070.0,2,35.0
7458,other,2,1199.0,2,65.0
7459,other,2,1125.0,2,75.0
7460,other,3,1596.0,3,95.0
7461,other,3,1639.0,3,123.0
7462,other,2,920.0,2,37.0
7463,other,1,525.0,1,26.0
7464,other,4,2700.0,3,68.0
7465,other,3,1740.0,3,199.0
7466,other,3,1372.0,2,90.0
7467,other,4,2363.0,5,120.0
7468,other,2,885.0,2,40.0
7469,other,5,6200.0,5,720.0
7470,other,3,1490.0,2,59.6
7471,other,4,1650.0,4,99.0
7472,other,2,925.0,2,63.0
7473,other,2,1200.0,2,79.0
7474,other,3,2500.0,3,270.0
7475,other,2,1143.0,2,65.0
7476,other,3,1500.0,2,80.0
7477,other,5,3300.0,3,250.0
7478,other,2,1480.0,2,120.0
7479,other,3,1570.0,3,115.0
7480,other,3,1665.0,3,86.91
7481,other,6,2400.0,6,130.0
7482,other,3,1680.0,3,85.0
7483,other,2,875.0,2,33.0
7484,other,2,1464.0,2,56.0
7485,other,2,850.0,2,55.0
7486,other,3,1750.0,3,180.0
7487,other,2,1500.0,1,160.0
7488,other,3,2408.0,4,260.0
7489,other,2,1200.0,2,50.0
7490,other,1,705.0,1,36.5
7491,other,3,1340.0,3,77.0
7492,other,3,1800.0,3,70.0
7493,other,2,925.0,2,42.0
7494,other,2,1230.0,2,57.0
7495,other,1,1260.0,1,41.0
7496,other,2,1200.0,2,125.0
7497,other,4,3950.0,4,450.0
7498,other,3,1616.0,3,95.0
7499,other,3,1200.0,3,130.0
7500,other,4,3595.0,6,360.0
7501,other,3,1485.0,3,85.0
7502,other,2,1100.0,2,39.5
7503,other,4,3100.0,5,385.0
7504,other,3,1650.0,3,100.0
7505,other,2,1219.0,2,40.0
7506,other,3,2400.0,3,85.0
7507,other,3,3259.0,3,270.0
7508,other,2,1262.0,2,55.0
7509,other,2,1090.0,2,28.0
7510,other,4,3200.0,3,190.0
7511,other,2,1350.0,2,100.0
7512,other,2,970.0,2,40.0
7513,other,4,2340.0,4,148.0
7514,other,1,596.0,1,42.0
7515,other,16,10000.0,16,550.0
7516,other,3,1910.0,3,190.0
7517,other,2,1033.0,2,28.41
7518,other,3,1405.0,2,70.0
7519,other,3,1800.0,3,65.0
7520,other,3,1750.0,3,149.0
7521,other,3,1360.0,2,65.0
7522,other,2,985.0,2,63.0
7523,other,2,1300.0,2,129.0
7524,other,3,1490.0,2,88.0
7525,other,2,1080.0,2,55.0
7526,other,4,4428.0,4,255.0
7527,other,4,2400.0,4,130.0
7528,other,2,1301.0,2,55.0
7529,other,1,650.0,1,30.0
7530,other,3,1500.0,2,89.99
7531,other,3,2145.0,4,270.0
7532,other,1,910.0,1,42.0
7533,other,3,1250.0,3,39.0
7534,other,3,2000.0,3,85.0
7535,other,1,794.0,1,65.0
7536,other,3,1200.0,3,130.0
7537,other,1,532.0,1,22.49
7538,other,2,902.0,2,42.0
7539,other,3,1475.0,3,96.0
7540,other,2,1550.0,2,160.0
7541,other,3,1845.0,3,91.0
7542,other,3,1676.0,3,52.0
7543,other,3,1374.0,2,70.0
7544,other,3,1700.0,3,155.0
7545,other,4,2145.0,4,125.0
7546,other,2,1080.0,2,55.0
7547,other,3,1270.0,2,50.79
7548,other,2,1000.0,2,80.0
7549,other,2,1240.0,2,52.6
7550,other,3,1500.0,2,97.0
7551,other,3,1865.0,4,140.0
7552,other,2,1200.0,2,49.0
7553,other,3,1200.0,3,120.0
7554,other,4,1700.0,4,108.0
7555,other,4,3500.0,4,245.0
7556,other,2,1203.0,2,59.86
7557,other,3,1600.0,3,76.0
7558,other,2,1134.0,2,40.0
7559,other,2,995.0,2,34.82
7560,other,3,1320.0,2,73.0
7561,other,2,1100.0,2,56.1
7562,other,2,1100.0,2,50.0
7563,other,5,2400.0,5,120.0
7564,other,3,1801.0,3,139.0
7565,other,3,1350.0,2,65.0
7566,other,4,2990.0,4,324.0
7567,other,4,3800.0,5,300.0
7568,other,2,2400.0,2,160.0
7569,other,3,1250.0,3,40.0
7570,other,2,1150.0,2,75.0
7571,other,3,1400.0,2,62.0
7572,other,2,1302.0,2,69.1
7573,other,3,1488.0,2,60.0
7574,other,9,4500.0,9,166.0
7575,other,3,1853.0,3,82.0
7576,other,2,861.0,2,35.0
7577,other,2,1256.0,2,62.8
7578,other,3,1390.0,2,80.0
7579,other,3,1550.0,2,90.0
7580,other,2,1159.0,2,60.0
7581,other,3,1310.0,2,37.83
7582,other,2,1080.0,2,39.0
7583,other,3,1500.0,3,87.0
7584,other,3,1531.0,3,72.0
7585,other,3,1839.0,3,165.0
7586,other,2,1200.0,2,55.0
7587,other,3,1618.0,3,68.0
7588,other,2,1080.0,2,55.0
7589,other,2,1200.0,2,60.0
7590,other,2,1022.0,2,45.9
7591,other,2,900.0,2,70.0
7592,other,2,1392.0,2,130.0
7593,other,3,1500.0,3,149.0
7594,other,3,1650.0,2,52.0
7595,other,2,1100.0,2,38.0
7596,other,3,1750.0,3,150.0
7597,other,4,1896.0,3,125.0
7598,other,1,750.0,2,50.0
7599,other,5,2400.0,4,225.0
7600,other,3,1605.0,2,85.0
7601,other,3,1574.0,3,93.34
7602,other,1,965.0,1,32.0
7603,other,2,1205.0,2,60.0
7604,other,2,1200.0,3,46.14
7605,other,1,1500.0,1,19.5
7606,other,2,1125.0,2,44.0
7607,other,2,1200.0,2,70.0
7608,other,2,1255.0,2,80.0
7609,other,3,1904.0,3,155.0
7610,other,3,2135.0,3,160.0
7611,other,3,2770.0,4,315.0
7612,other,1,813.0,1,39.0
7613,other,4,3884.0,4,240.0
7614,other,3,3876.0,3,300.0
7615,other,4,4750.0,2,120.0
7616,other,3,1630.0,2,97.78
7617,other,2,1090.0,2,36.0
7618,other,2,1020.0,2,48.45
7619,other,4,2425.0,4,173.0
7620,other,2,1150.0,2,56.0
7621,other,2,1141.0,2,49.0
7622,other,2,936.0,2,43.0
7623,other,2,1280.0,2,75.0
7624,other,2,1325.0,2,70.0
7625,other,1,735.0,1,75.0
7626,other,1,500.0,1,24.0
7627,other,2,1100.0,2,50.0
7628,other,3,1200.0,4,145.0
7629,other,2,1140.0,2,50.0
7630,other,2,1200.0,2,100.0
7631,other,3,2776.0,4,195.0
7632,other,3,1270.0,2,50.79
7633,other,2,1060.0,2,40.0
7634,other,2,1185.0,2,85.0
7635,other,3,1265.0,2,82.0
7636,other,4,3200.0,5,150.0
7637,other,2,1196.0,2,56.81
7638,other,3,1850.0,3,98.0
7639,other,4,2360.0,4,150.0
7640,other,2,1030.0,2,77.25
7641,other,2,1512.0,1,65.01
7642,other,2,1163.0,2,98.86
7643,other,3,2000.0,3,160.0
7644,other,2,1352.0,2,75.0
7645,other,3,1575.0,3,93.0
7646,other,3,1300.0,2,70.0
7647,other,2,1060.0,2,35.0
7648,other,2,975.0,2,50.0
7649,other,2,1150.0,2,52.8
7650,other,2,1380.0,2,75.0
7651,other,3,1355.0,2,61.0
7652,other,2,1150.0,2,70.0
7653,other,5,5800.0,5,80.0
7654,other,2,1000.0,2,45.0
7655,other,4,3000.0,5,100.0
7656,other,2,1080.0,2,45.0
7657,other,3,1532.0,3,115.0
7658,other,3,3100.0,3,250.0
7659,other,4,3262.0,5,205.0
7660,other,2,1190.0,2,100.0
7661,other,3,1827.0,3,100.0
7662,other,2,1210.0,2,75.0
7663,other,3,1500.0,3,95.0
7664,other,2,1180.0,2,63.0
7665,other,3,2270.0,3,180.0
7666,other,3,1300.0,3,47.0
7667,other,2,1400.0,2,78.0
7668,other,2,1274.0,2,81.0
7669,other,3,1540.0,3,68.0
7670,other,2,1206.0,2,38.5
7671,other,3,1645.0,3,95.0
7672,other,4,2342.0,3,115.0
7673,other,3,1200.0,2,55.0
7674,other,2,1056.0,2,33.0
7675,other,2,1161.0,2,36.69
7676,other,2,1097.0,2,65.0
7677,other,3,1640.0,3,88.0
7678,other,4,1600.0,3,165.0
7679,other,2,900.0,2,110.0
7680,other,2,1200.0,2,125.0
7681,other,3,2388.0,4,239.0
7682,other,2,1355.0,2,75.0
7683,other,3,2000.0,3,85.0
7684,other,3,1500.0,3,121.0
7685,other,4,7500.0,4,900.0
7686,other,2,1280.0,2,49.75
7687,other,2,4200.0,1,160.0
7688,other,4,4104.0,4,360.0
7689,other,2,965.0,2,48.0
7690,other,2,1215.0,2,49.85
7691,other,2,1015.0,2,58.0
7692,other,3,2400.0,3,165.0
7693,other,2,1076.0,2,52.0
7694,other,2,2080.0,2,150.0
7695,other,2,1505.0,2,90.0
7696,other,3,1200.0,3,95.75
7697,other,3,1810.0,4,148.0
7698,other,2,1250.0,2,39.0
7699,other,3,1530.0,2,97.0
7700,other,3,1300.0,2,39.0
7701,other,2,1194.0,2,47.0
7702,other,4,4500.0,5,400.0
7703,other,3,1500.0,3,70.0
7704,other,4,2000.0,5,80.0
7705,other,2,900.0,2,42.0
7706,other,3,1410.0,2,45.12
7707,other,3,1800.0,3,65.0
7708,other,3,2000.0,3,85.0
7709,other,3,1500.0,2,130.0
7710,other,3,1600.0,3,72.0
7711,other,3,2500.0,3,75.0
7712,other,2,1400.0,2,80.0
7713,other,1,715.0,1,45.0
7714,other,3,1533.0,3,150.0
7715,other,2,1100.0,2,38.0
7716,other,4,3730.0,6,450.0
7717,other,3,1500.0,2,120.0
7718,other,2,1000.0,2,30.0
7719,other,3,1460.0,3,70.0
7720,other,2,1355.0,2,95.0
7721,other,1,833.0,1,49.0
7722,other,2,1020.0,2,45.0
7723,other,2,1037.0,2,36.28
7724,other,4,3000.0,5,270.0
7725,other,2,1220.0,2,68.0
7726,other,4,3811.0,3,475.0
7727,other,2,1045.0,2,36.58
7728,other,3,1545.0,3,85.0
7729,other,3,2000.0,2,85.0
7730,other,4,3100.0,4,310.0
7731,other,2,1350.0,2,110.0
7732,other,2,1350.0,2,41.0
7733,other,1,708.0,1,28.32
7734,other,6,3300.0,6,165.0
7735,other,3,1200.0,2,68.0
7736,other,3,1842.0,3,115.0
7737,other,2,1146.0,2,55.0
7738,other,3,1445.0,2,47.1
7739,other,2,1150.0,2,49.0
7740,other,5,2000.0,4,180.0
7741,other,2,1075.0,2,35.0
7742,other,3,1240.0,3,41.0
7743,other,2,1096.0,2,48.0
7744,other,2,1094.0,2,44.0
7745,other,2,1100.0,2,49.0
7746,other,2,950.0,2,50.0
7747,other,4,2592.0,4,250.0
7748,other,3,1200.0,3,85.0
7749,other,2,1086.0,2,47.5
7750,other,3,1655.0,3,155.0
7751,other,2,1150.0,2,74.0
7752,other,3,1440.0,3,65.8
7753,other,3,1200.0,2,108.0
7754,other,2,1200.0,2,75.0
7755,other,2,1235.0,2,60.0
7756,other,3,1225.0,3,60.0
7757,other,1,705.0,1,52.5
7758,other,3,1550.0,2,60.0
7759,other,3,1650.0,3,75.0
7760,other,2,1113.0,2,46.0
7761,other,2,1200.0,2,48.0
7762,other,3,1800.0,2,72.0
7763,other,9,4500.0,9,500.0
7764,other,2,935.0,2,32.73
7765,other,3,1730.0,3,140.0
7766,other,5,2500.0,5,120.0
7767,other,4,2340.0,5,129.0
7768,other,3,1550.0,3,160.0
7769,other,3,1300.0,3,80.0
7770,other,2,1140.0,2,52.0
7771,other,2,1050.0,2,40.0
7772,other,3,1758.0,3,95.0
7773,other,4,3179.0,5,351.0
7774,other,3,1342.0,3,92.0
7775,other,3,1800.0,3,85.0
7776,other,2,1200.0,3,85.0
7777,other,2,1080.0,2,73.0
7778,other,2,1200.0,2,34.0
7779,other,1,655.0,1,53.0
7780,other,3,1800.0,3,140.0
7781,other,2,1000.0,2,48.0
7782,other,2,1095.0,2,38.52
7783,other,3,1900.0,2,180.0
7784,other,4,3900.0,4,333.0
7785,other,3,2400.0,4,200.0
7786,other,1,640.0,1,20.5
7787,other,3,1645.0,3,87.5
7788,other,2,1252.0,2,55.0
7789,other,3,2600.0,3,140.0
7790,other,2,950.0,2,60.0
7791,other,4,2107.0,4,95.0
7792,other,3,1450.0,3,68.0
7793,other,3,2431.0,3,100.0
7794,other,2,1155.0,2,56.0
7795,other,2,1450.0,2,62.63
7796,other,1,705.0,1,57.0
7797,other,3,1900.0,3,205.0
7798,other,2,1365.0,3,60.0
7799,other,3,1402.0,2,85.0
7800,other,4,1680.0,3,135.0
7801,other,4,2422.0,3,150.0
7802,other,2,1070.0,2,37.0
7803,other,3,1550.0,3,75.0
7804,other,2,1000.0,2,60.0
7805,other,3,2100.0,3,240.0
7806,other,4,5000.0,4,290.0
7807,other,3,2000.0,3,85.0
7808,other,2,1100.0,2,45.0
7809,other,3,1200.0,3,140.0
7810,other,2,814.0,2,55.0
7811,other,2,1302.0,2,66.0
7812,other,2,1100.0,2,44.0
7813,other,2,830.0,2,37.0
7814,other,1,435.0,1,19.5
7815,other,3,1590.0,3,120.0
7816,other,4,3754.0,6,430.0
7817,other,2,1100.0,2,48.0
7818,other,3,1230.0,2,53.51
7819,other,3,1450.0,2,89.6
7820,other,2,1367.0,2,62.0
7821,other,2,950.0,2,47.0
7822,other,2,1340.0,2,77.0
7823,other,3,1300.0,2,63.0
7824,other,3,2500.0,4,260.0
7825,other,2,1135.0,2,32.91
7826,other,3,1745.0,3,77.0
7827,other,3,1665.0,3,105.0
7828,other,2,1220.0,2,48.79
7829,other,4,2300.0,4,200.0
7830,other,2,1210.0,2,76.0
7831,other,3,2370.0,4,195.0
7832,other,2,1100.0,2,46.0
7833,other,3,1286.0,3,67.0
7834,other,2,1141.0,2,40.0
7835,other,2,1554.0,3,130.0
7836,other,2,1140.0,2,45.0
7837,other,4,1632.0,3,128.0
7838,other,2,1065.0,2,58.0
7839,other,2,1342.0,2,115.0
7840,other,2,1004.0,2,49.0
7841,other,2,1080.0,2,38.0
7842,other,3,2493.0,3,115.0
7843,other,2,1000.0,3,60.0
7844,other,2,1100.0,2,45.0
7845,other,2,1290.0,2,40.63
7846,other,2,2200.0,2,110.0
7847,other,3,1636.0,3,97.0
7848,other,2,1060.0,2,35.0
7849,other,4,3600.0,4,450.0
7850,other,3,1494.0,2,94.55
7851,other,2,861.0,2,34.5
7852,other,2,1170.0,2,40.0
7853,other,2,1153.0,2,43.5
7854,other,5,2400.0,5,275.0
7855,other,3,1450.0,3,42.0
7856,other,2,1120.0,2,40.0
7857,other,3,1200.0,3,72.0
7858,other,3,1500.0,2,65.0
7859,other,6,3000.0,8,90.0
7860,other,2,1125.0,2,40.0
7861,other,3,2100.0,3,120.0
7862,other,2,1100.0,2,47.0
7863,other,2,1000.0,1,75.0
7864,other,3,1388.0,3,69.99
7865,other,1,905.0,1,52.0
7866,other,2,1176.0,2,44.0
7867,other,2,1170.0,2,86.0
7868,other,4,4830.0,5,390.0
7869,other,2,850.0,2,75.0
7870,other,2,1103.0,2,55.0
7871,other,3,1600.0,3,64.0
7872,other,2,1100.0,2,55.0
7873,other,3,2065.0,3,130.0
7874,other,2,1150.0,2,125.0
7875,other,2,1250.0,2,59.0
7876,other,2,1115.0,2,46.0
7877,other,3,1318.0,3,54.0
7878,other,2,1280.0,2,48.0
7879,other,3,2550.0,4,290.0
7880,other,1,615.0,1,24.0
7881,other,3,1355.0,2,58.25
7882,other,4,3080.0,2,285.0
7883,other,2,1130.0,2,52.0
7884,other,4,3400.0,6,420.0
7885,other,1,450.0,1,25.0
7886,other,2,1100.0,2,85.0
7887,other,3,3339.0,3,250.0
7888,other,3,1475.0,2,74.0
7889,other,2,966.0,2,49.0
7890,other,5,4400.0,4,350.0
7891,other,2,900.0,2,45.0
7892,other,3,1550.0,2,79.0
7893,other,3,1540.0,2,70.0
7894,other,2,1036.0,2,110.0
7895,other,2,1230.0,2,58.0
7896,other,3,1600.0,3,61.37
7897,other,2,1070.0,2,38.9
7898,other,2,1041.0,2,36.44
7899,other,3,1400.0,3,70.0
7900,other,1,600.0,2,55.0
7901,other,2,950.0,2,40.0
7902,other,3,1508.0,3,75.0
7903,other,2,1110.0,2,58.0
7904,other,3,1950.0,3,90.0
7905,other,2,1080.0,2,62.0
7906,other,2,999.0,2,43.66
7907,other,2,1265.0,2,78.0
7908,other,2,1180.0,2,40.0
7909,other,2,1127.0,2,55.0
7910,other,3,1200.0,3,96.25
7911,other,2,849.0,2,25.4
7912,other,3,1250.0,2,65.0
7913,other,1,412.5,1,19.8
7914,other,4,2631.0,3,200.0
7915,other,1,1200.0,1,125.0
7916,other,2,830.0,2,60.0
7917,other,2,1500.0,2,88.0
7918,other,1,700.0,1,59.0
7919,other,3,1518.0,3,76.0
7920,other,3,1495.0,2,75.0
7921,other,2,1575.0,2,90.0
7922,other,3,1500.0,3,95.0
7923,other,3,1450.0,2,81.0
7924,other,2,856.0,2,48.0
7925,other,2,1143.0,2,62.0
7926,other,3,1280.0,2,45.0
7927,other,3,2493.0,3,115.0
7928,other,2,1070.0,2,33.15
7929,other,2,1117.0,2,110.0
7930,other,1,600.0,1,43.0
7931,other,4,7500.0,4,425.0
7932,other,2,925.0,2,48.0
7933,other,2,1100.0,2,52.0
7934,other,3,1200.0,3,70.0
7935,other,3,2100.0,3,252.0
7936,other,4,2675.0,4,290.0
7937,other,2,1016.0,2,45.9
7938,other,3,1800.0,3,88.0
7939,other,2,1062.0,2,47.0
7940,other,2,805.5,2,19.33
7941,other,3,1477.0,2,80.0
7942,other,2,1060.0,2,48.5
7943,other,3,1793.0,3,98.0
7944,other,2,960.0,2,33.0
7945,other,2,1384.0,2,59.0
7946,other,3,1200.0,3,128.0
7947,other,3,1400.0,3,35.0
7948,other,2,1020.0,2,62.0
7949,other,4,3563.0,6,310.0
7950,other,2,1165.0,2,47.0
7951,other,2,1100.0,2,43.5
7952,other,4,3300.0,5,318.0
7953,other,2,1260.0,2,47.88
7954,other,3,2250.0,3,113.0
7955,other,3,1250.0,3,43.0
7956,other,3,1200.0,2,75.0
7957,other,2,985.0,2,55.0
7958,other,3,1700.0,2,68.5
7959,other,5,2000.0,4,99.0
7960,other,3,1643.0,3,75.0
7961,other,3,1740.0,3,55.0
7962,other,2,1225.0,2,47.0
7963,other,2,1085.0,2,64.0
7964,other,1,750.0,1,30.0
7965,other,3,1410.0,2,60.0
7966,other,2,1030.0,2,80.0
7967,other,3,1852.0,2,95.0
7968,other,2,1150.0,2,69.0
7969,other,4,2600.0,3,95.0
7970,other,3,1350.0,2,68.0
7971,other,3,1500.0,2,90.0
7972,other,2,900.0,2,55.0
7973,other,3,1355.0,2,58.27
7974,other,4,2000.0,4,75.0
7975,other,2,850.0,2,35.0
7976,other,3,1310.0,2,68.0
7977,other,2,1250.0,2,60.0
7978,other,2,970.0,2,35.0
7979,other,2,1148.0,2,59.0
7980,other,3,1350.0,3,60.0
7981,other,3,1760.0,3,160.0
7982,other,2,1100.0,2,78.0
7983,other,2,1180.0,2,74.0
7984,other,2,1184.0,2,69.0
7985,other,3,4510.0,4,200.0
7986,other,3,1540.0,3,85.0
7987,other,2,1200.0,2,37.0
7988,other,3,1360.0,2,54.4
7989,other,3,2000.0,3,120.0
7990,other,2,870.0,2,65.0
7991,other,3,2000.0,3,145.0
7992,other,2,1710.0,2,200.0
7993,other,1,500.0,1,15.0
7994,other,2,850.0,2,42.0
7995,other,2,1165.0,2,33.64
7996,other,3,1475.0,3,78.0
7997,other,4,2230.0,4,130.0
7998,other,4,2200.0,5,100.0
7999,other,3,1519.0,3,67.23
8000,other,2,924.0,2,76.23
8001,other,3,2273.0,4,220.0
8002,other,2,1140.0,2,48.95
8003,other,6,3000.0,4,375.0
8004,other,4,3160.0,4,206.0
8005,other,2,905.0,2,40.0
8006,other,3,1620.0,3,130.0
8007,other,2,922.0,2,70.0
8008,other,2,850.0,2,72.0
8009,other,2,1123.0,2,64.0
8010,other,2,1200.0,1,65.0
8011,other,2,1277.0,2,59.0
8012,other,3,1442.0,3,56.24
8013,other,2,1233.0,2,100.0
8014,other,2,1312.0,2,69.0
8015,other,2,1090.0,2,54.0
8016,other,3,1840.0,3,85.0
8017,other,2,1100.0,2,57.0
8018,other,3,1425.0,2,65.0
8019,other,2,1040.0,2,46.79
8020,other,2,1200.0,2,53.0
8021,other,4,2050.0,3,100.0
8022,other,3,1275.0,3,59.0
8023,other,2,800.0,2,30.0
8024,other,2,1125.0,2,36.0
8025,other,3,1936.0,3,110.0
8026,other,3,1652.5,3,90.0
8027,other,2,1030.0,2,46.5
8028,other,3,2159.0,3,110.0
8029,other,3,1500.0,3,138.0
8030,other,3,1750.0,3,170.0
8031,other,3,1365.0,3,99.0
8032,other,2,850.0,2,35.0
8033,other,3,1680.0,3,135.0
8034,other,2,990.0,2,58.0
8035,other,2,1240.0,2,100.0
8036,other,3,1810.0,3,118.0
8037,other,3,2005.0,3,240.0
8038,other,2,1265.0,2,58.0
8039,other,2,1035.0,2,44.0
8040,other,2,1000.0,2,97.0
8041,other,6,2800.0,4,100.0
8042,other,8,3500.0,6,120.0
8043,other,3,1430.0,3,78.65
8044,other,1,1200.0,2,45.0
8045,other,2,1116.0,2,37.6
8046,other,3,2663.0,4,338.0
8047,other,2,1090.0,2,45.0
8048,other,2,1000.0,2,36.0
8049,other,3,1840.0,4,175.0
8050,other,1,840.0,1,75.0
8051,other,2,1126.0,2,39.0
8052,other,3,1760.0,2,116.0
8053,other,2,1145.0,2,57.0
8054,other,4,3317.5,5,268.5
8055,other,2,1300.0,2,50.0
8056,other,2,1274.0,2,81.0
8057,other,3,1430.0,2,69.5
8058,other,3,1670.0,3,160.0
8059,other,2,1410.0,2,75.0
8060,other,3,1425.0,2,56.99
8061,other,2,900.0,2,50.0
8062,other,5,2400.0,5,93.0
8063,other,1,705.0,1,55.0
8064,other,3,1200.0,2,75.6
8065,other,2,1330.0,2,93.0
8066,other,3,1475.0,2,58.99
8067,other,5,2400.0,5,285.0
8068,other,4,2100.0,4,150.0
8069,other,3,1776.0,2,75.0
8070,other,3,1347.0,2,37.72
8071,other,2,1200.0,2,52.5
8072,other,3,1539.0,3,60.0
8073,other,2,920.0,2,46.0
8074,other,2,1010.0,2,40.39
8075,other,4,1660.4,4,211.0
8076,other,2,905.0,2,50.0
8077,other,3,1605.0,3,105.0
8078,other,3,1455.0,2,55.0
8079,other,1,550.0,1,23.0
8080,other,4,7000.0,4,210.0
8081,other,5,4000.0,3,130.0
8082,other,2,1060.0,2,53.0
8083,other,3,1783.0,3,125.0
8084,other,3,2500.0,3,180.0
8085,other,3,1570.0,3,78.0
8086,other,2,1019.0,2,45.9
8087,other,3,1537.0,3,110.0
8088,other,3,1750.0,3,150.0
8089,other,7,2800.0,7,250.0
8090,other,2,1020.0,2,48.0
8091,other,2,1191.0,2,90.0
8092,other,2,865.0,2,35.11
8093,other,4,2100.0,4,90.0
8094,other,3,1200.0,3,150.0
8095,other,4,2849.0,5,250.0
8096,other,2,1000.0,2,42.0
8097,other,2,1225.0,2,47.0
8098,other,3,1247.0,2,58.0
8099,other,2,830.0,2,40.0
8100,other,3,1685.0,3,60.0
8101,other,4,3131.0,4,349.0
8102,other,2,827.0,2,45.0
8103,other,2,1050.0,2,50.0
8104,other,3,1500.0,2,57.0
8105,other,2,1060.0,2,49.27
8106,other,2,1261.0,2,61.0
8107,other,2,1100.0,2,46.0
8108,other,4,3400.0,4,190.0
8109,other,4,3260.0,5,388.0
8110,other,2,1180.0,2,56.0
8111,other,3,1458.0,3,79.0
8112,other,2,1205.0,2,70.0
8113,other,2,1194.0,2,65.0
8114,other,2,1200.0,2,75.0
8115,other,2,1250.0,2,58.0
8116,other,3,1424.0,2,55.0
8117,other,3,1250.0,3,55.0
8118,other,3,2200.0,4,160.0
8119,other,3,2400.0,3,150.0
8120,other,2,1230.0,2,55.0
8121,other,3,1540.0,3,76.0
8122,other,2,1198.0,2,65.0
8123,other,3,1656.0,3,90.0
8124,other,3,1900.0,3,155.0
8125,other,2,1276.0,2,48.0
8126,other,2,1200.0,1,95.0
8127,other,2,1060.0,2,37.0
8128,other,2,1100.0,2,61.0
8129,other,2,1100.0,2,110.0
8130,other,3,1942.0,3,155.0
8131,other,3,1200.0,4,80.0
8132,other,2,1400.0,2,60.0
8133,other,2,1330.0,2,64.0
8134,other,3,1515.0,3,90.0
8135,other,2,935.0,2,51.5
8136,other,3,1464.0,3,56.0
8137,other,2,1206.0,2,53.0
8138,other,2,1250.0,2,58.0
8139,other,2,900.0,2,27.0
8140,other,2,1464.0,2,56.0
8141,other,3,1300.0,3,64.0
8142,other,1,1200.0,1,69.0
8143,other,3,1250.0,3,38.0
8144,other,3,1510.0,3,47.57
8145,other,3,1717.0,3,99.0
8146,other,3,2099.0,3,95.0
8147,other,2,1100.0,2,58.0
8148,other,1,1200.0,1,48.0
8149,other,3,1765.0,3,80.0
8150,other,3,1430.0,2,78.65
8151,other,3,2108.0,3,85.0
8152,other,2,1190.0,2,70.0
8153,other,2,900.0,2,41.0
8154,other,4,2690.0,4,185.0
8155,other,3,1800.0,3,90.0
8156,other,3,1620.0,3,65.0
8157,other,3,2968.0,3,225.0
8158,other,3,1594.0,3,99.0
8159,other,2,1250.0,2,68.0
8160,other,2,1290.0,1,77.5
8161,other,2,1150.0,2,48.0
8162,other,2,1464.0,2,145.0
8163,other,2,861.0,2,36.5
8164,other,2,1200.0,2,75.0
8165,other,2,1065.0,2,45.0
8166,other,2,814.0,2,42.0
8167,other,2,1160.0,2,59.0
8168,other,3,1485.0,2,156.0
8169,other,3,2070.0,3,135.0
8170,other,2,957.0,2,52.5
8171,other,3,1600.0,2,75.0
8172,other,2,1100.0,2,38.49
8173,other,2,800.0,2,55.0
8174,other,2,995.0,2,34.82
8175,other,2,900.0,1,44.0
8176,other,3,1480.0,2,125.0
8177,other,3,3800.0,2,130.0
8178,other,2,1400.0,2,57.5
8179,other,2,1500.0,2,130.0
8180,other,2,1020.0,2,46.5
8181,other,3,2010.0,3,125.0
8182,other,3,1504.0,2,100.0
8183,other,1,3820.0,1,306.0
8184,other,5,2000.0,4,145.0
8185,other,3,1330.0,3,73.5
8186,other,2,2040.0,2,59.0
8187,other,3,1602.0,2,165.0
8188,other,2,1194.0,2,46.0
8189,other,3,1800.0,3,220.0
8190,other,3,2400.0,2,152.0
8191,other,3,1500.0,3,72.0
8192,other,3,1280.0,2,48.0
8193,other,2,900.0,2,45.0
8194,other,2,1095.0,2,38.33
8195,other,2,1145.0,2,58.4
8196,other,3,1862.0,3,120.0
8197,other,2,947.0,2,43.0
8198,other,3,2700.0,3,200.0
8199,other,3,1677.0,3,98.0
8200,other,3,2060.0,3,150.0
8201,other,3,1490.0,2,115.0
8202,other,3,1550.0,3,59.0
8203,other,3,1740.0,3,120.0
8204,other,3,1855.0,3,145.0
8205,other,2,1020.0,2,60.0
8206,other,3,1450.0,3,75.0
8207,other,1,550.0,1,16.0
8208,other,2,1492.0,2,65.0
8209,other,3,1431.0,3,65.0
8210,other,3,3664.0,3,325.0
8211,other,3,1520.0,3,111.0
8212,other,3,1391.0,2,64.5
8213,other,2,1125.0,2,45.56
8214,other,2,1250.0,2,90.0
8215,other,3,1900.0,2,190.0
8216,other,3,1464.0,3,56.0
8217,other,2,900.0,2,33.0
8218,other,3,1602.0,2,170.0
8219,other,1,907.0,1,38.0
8220,other,2,1230.0,2,70.0
8221,other,2,1150.0,2,58.0
8222,other,2,1050.0,2,48.0
8223,other,3,1600.0,3,95.0
8224,other,1,600.0,2,23.0
8225,other,2,936.0,2,40.2
8226,other,2,1050.0,2,42.7
8227,other,4,3463.0,6,310.0
8228,other,3,1600.0,3,70.0
8229,other,2,1200.0,2,85.0
8230,other,2,1200.0,2,35.0
8231,other,3,1570.0,3,110.0
8232,other,2,1200.0,2,45.0
8233,other,2,1194.0,2,47.0
8234,other,3,2000.0,4,130.0
8235,other,3,2120.0,3,177.0
8236,other,3,1315.0,2,65.0
8237,other,2,1000.0,2,44.0
8238,other,2,1175.0,2,79.0
8239,other,3,1713.0,3,125.0
8240,other,2,1200.0,2,43.0
8241,other,1,600.0,1,19.5
8242,other,2,1112.0,2,68.0
8243,other,3,1270.0,2,50.79
8244,other,2,990.0,2,35.0
8245,other,2,1107.0,2,40.0
8246,other,2,1158.0,2,75.0
8247,other,2,800.0,1,30.0
8248,other,4,3200.0,4,200.0
8249,other,2,1125.0,2,32.49
8250,other,3,1600.0,3,112.0
8251,other,2,1200.0,2,90.0
8252,other,2,1200.0,2,67.0
8253,other,2,1266.67,2,69.0
8254,other,3,1800.0,3,90.0
8255,other,3,1300.0,3,64.0
8256,other,2,2000.0,2,160.0
8257,other,4,2710.0,6,142.0
8258,other,3,1464.0,3,56.0
8259,other,2,1163.0,2,65.0
8260,other,3,1800.0,3,95.0
8261,other,3,1410.0,3,65.0
8262,other,4,2679.0,5,280.0
8263,other,2,1230.0,2,75.0
8264,other,2,1080.0,2,44.8
8265,other,2,2400.0,2,135.0
8266,other,2,1170.0,2,75.0
8267,other,1,705.0,1,57.0
8268,other,2,1089.0,2,60.0
8269,other,2,880.0,2,48.0
8270,other,2,1080.0,2,32.0
8271,other,2,1150.0,2,45.0
8272,other,2,1194.0,2,55.0
8273,other,3,2000.0,3,90.0
8274,other,2,1025.0,2,42.5
8275,other,2,1022.0,2,57.0
8276,other,2,1153.0,2,45.0
8277,other,2,1175.0,2,60.0
8278,other,2,1350.0,3,55.0
8279,other,2,1200.0,2,76.0
8280,other,2,1200.0,1,54.0
8281,other,2,950.0,2,38.0
8282,other,3,1240.0,2,59.52
8283,other,2,1300.0,2,120.0
8284,other,3,1605.0,3,100.0
8285,other,3,1542.0,3,98.0
8286,other,2,1012.0,2,42.0
8287,other,3,1700.0,3,75.0
8288,other,5,3600.0,5,110.0
8289,other,2,1333.0,2,77.27
8290,other,2,1050.0,2,70.0
8291,other,2,1140.0,2,32.92
8292,other,3,2000.0,3,105.0
8293,other,2,1075.0,2,55.0
8294,other,4,2340.0,5,129.0
8295,other,2,1013.0,2,51.0
8296,other,2,1069.0,2,55.0
8297,other,3,1200.0,3,99.0
8298,other,2,1007.0,2,43.0
8299,other,6,4250.0,6,150.0
8300,other,2,1000.0,2,60.0
8301,other,3,5720.0,3,350.0
8302,other,2,1012.0,2,59.0
8303,other,3,1280.0,2,49.0
8304,other,2,925.0,2,35.0
8305,other,3,1350.0,2,47.25
8306,other,3,1240.0,2,65.0
8307,other,2,1100.0,2,55.0
8308,other,3,1700.0,3,111.0
8309,other,2,1340.0,2,65.0
8310,other,2,1200.0,2,54.0
8311,other,2,1600.0,2,31.0
8312,other,3,1780.0,3,110.0
8313,other,2,1200.0,2,80.0
8314,other,2,946.0,2,45.0
8315,other,1,1500.0,1,60.0
8316,other,3,1540.0,3,85.0
8317,other,1,665.0,1,32.0
8318,other,3,1665.0,3,110.0
8319,other,3,2456.0,3,220.0
8320,other,3,1610.0,2,64.4
8321,other,2,1530.0,2,185.0
8322,other,3,1439.0,3,57.23
8323,other,2,1500.0,2,40.0
8324,other,3,1200.0,2,130.0
8325,other,3,1435.0,2,60.0
8326,other,3,1717.0,3,120.0
8327,other,2,1325.0,2,65.0
8328,other,3,1409.0,2,62.0
8329,other,2,1250.0,2,50.0
8330,other,2,1475.0,2,171.0
8331,other,2,1225.0,2,65.0
8332,other,1,650.0,1,16.0
8333,other,3,1750.0,3,75.0
8334,other,3,1504.0,2,102.0
8335,other,2,1116.0,2,49.8
8336,other,2,1308.0,2,37.0
8337,other,4,1800.0,4,145.0
8338,other,4,3000.0,4,240.0
8339,other,2,1150.0,2,60.0
8340,other,3,1625.0,3,92.0
8341,other,4,2400.0,4,250.0
8342,other,2,907.0,2,38.0
8343,other,2,1180.0,2,50.0
8344,other,2,1272.0,2,51.5
8345,other,3,1490.0,2,92.0
8346,other,4,2400.0,5,140.0
8347,other,3,2500.0,3,190.0
8348,other,2,1044.0,2,60.0
8349,other,2,1352.0,3,93.0
8350,other,2,810.0,2,34.5
8351,other,3,1650.0,3,51.98
8352,other,3,1595.0,3,70.39
8353,other,3,1640.0,3,84.0
8354,other,2,1200.0,2,54.0
8355,other,3,1567.2,2,190.0
8356,other,2,959.0,2,42.5
8357,other,3,1280.0,2,69.0
8358,other,2,1000.0,2,58.0
8359,other,2,1141.0,2,55.0
8360,other,2,1200.0,2,43.2
8361,other,3,1240.0,2,65.0
8362,other,2,1293.0,2,75.0
8363,other,2,967.0,2,41.1
8364,other,3,1885.0,3,90.0
8365,other,2,860.0,2,65.5
8366,other,2,1000.0,2,29.95
8367,other,2,1100.0,2,66.0
8368,other,2,1050.0,2,47.0
8369,other,3,1374.0,2,88.0
8370,other,2,1250.0,2,60.0
8371,other,2,1110.0,2,52.0
8372,other,3,2400.0,3,180.0
8373,other,3,1350.0,3,48.6
8374,other,4,2000.0,2,160.0
8375,other,1,834.0,1,62.0
8376,other,3,1320.0,3,60.0
8377,other,3,1200.0,3,149.0
8378,other,1,600.0,1,52.0
8379,other,3,1200.0,2,76.0
8380,other,4,2000.0,4,135.0
8381,other,3,2750.0,3,260.0
8382,other,2,1235.0,2,148.0
8383,other,2,900.0,2,35.0
8384,other,2,1030.0,2,60.0
8385,other,2,1000.0,2,46.0
8386,other,2,1200.0,2,52.0
8387,other,3,2400.0,2,180.0
8388,other,2,1280.0,2,90.0
8389,other,2,1190.0,2,55.0
8390,other,2,1100.0,2,60.0
8391,other,3,2075.0,3,175.0
8392,other,3,1900.0,3,65.0
8393,other,3,1335.0,2,87.0
8394,other,3,1578.0,3,73.9
8395,other,2,1475.0,2,70.0
8396,other,2,2400.0,2,125.0
8397,other,3,1545.0,2,66.0
8398,other,3,1427.0,2,70.0
8399,other,2,1073.0,2,31.77
8400,other,3,1350.0,3,68.0
8401,other,4,1810.0,3,57.0
8402,other,3,2274.24,4,160.0
8403,other,3,1455.0,2,55.0
8404,other,2,1351.0,2,74.0
8405,other,2,900.0,3,105.0
8406,other,2,1160.0,2,46.39
8407,other,3,1570.0,3,80.0
8408,other,3,1495.0,2,65.0
8409,other,3,1350.0,3,75.0
8410,other,3,1464.0,3,56.0
8411,other,1,470.0,2,10.0
8412,other,3,1313.0,4,150.0
8413,other,3,2515.0,4,155.0
8414,other,3,1440.0,3,72.0
8415,other,2,1000.0,2,35.0
8416,other,3,2275.0,3,285.0
8417,other,2,1567.0,3,140.0
8418,other,2,1200.0,2,56.0
8419,other,3,3500.0,4,185.0
8420,other,2,1220.0,2,52.0
8421,other,3,1276.0,2,48.0
8422,other,3,1670.0,3,75.0
8423,other,2,1100.0,2,55.0
8424,other,2,1125.0,2,44.5
8425,other,3,1300.0,2,75.0
8426,other,2,1130.0,2,36.0
8427,other,3,1300.0,2,67.0
8428,other,1,646.0,1,25.84
8429,other,3,1600.0,3,150.0
8430,other,2,1200.0,2,54.0
8431,other,3,1215.0,2,49.75
8432,other,4,2150.0,4,115.0
8433,other,2,1050.0,2,55.0
8434,other,2,1421.0,2,90.0
8435,other,2,1258.0,2,58.0
8436,other,6,2400.0,5,300.0
8437,other,2,950.0,2,32.0
8438,other,2,1235.0,2,140.0
8439,other,3,3200.0,3,260.0
8440,other,2,1200.0,2,70.0
8441,other,3,1450.0,3,90.0
8442,other,3,1374.0,3,72.0
8443,other,1,670.0,1,50.0
8444,other,3,1893.0,3,115.0
8445,other,3,1494.0,2,94.55
8446,other,6,2400.0,6,98.0
8447,other,2,1250.0,2,43.0
8448,other,3,1200.0,2,100.0
8449,other,2,1308.0,2,89.04
8450,other,2,1250.0,2,65.0
8451,other,2,1205.0,2,70.0
8452,other,3,1500.0,3,90.0
8454,other,2,1190.0,2,41.0
8455,other,3,2400.0,3,251.0
8456,other,2,1250.0,2,67.0
8457,other,2,2260.0,3,80.0
8458,other,4,2700.0,3,90.0
8459,other,2,800.0,3,59.5
8460,other,2,1400.0,2,85.0
8461,other,3,1800.0,2,100.0
8462,other,2,925.0,2,70.0
8463,other,4,3746.0,6,375.0
8464,other,2,850.0,1,35.5
8465,other,2,1100.0,2,32.0
8466,other,3,1417.0,2,76.0
8467,other,4,3500.0,2,350.0
8468,other,2,1200.0,2,55.0
8469,other,3,1480.0,3,74.0
8470,other,2,1180.0,2,52.0
8471,other,3,2100.0,4,255.0
8472,other,2,1253.0,2,81.5
8473,other,1,400.0,1,35.0
8474,other,3,1310.0,2,55.0
8475,other,3,1565.0,3,98.91
8476,other,3,1315.0,3,65.0
8477,other,3,1410.0,2,73.0
8478,other,2,1375.0,2,60.0
8479,other,2,993.0,2,45.5
8480,other,4,2400.0,5,180.0
8481,other,1,6000.0,1,276.0
8482,other,1,825.0,2,40.0
8483,other,2,1222.0,2,80.0
8484,other,3,1320.0,2,60.0
8485,other,2,1000.0,2,62.0
8486,other,4,5000.0,5,600.0
8487,other,2,870.0,2,38.0
8488,other,2,1050.0,2,50.0
8489,other,4,4800.0,5,420.0
8490,other,3,3400.0,3,400.0
8491,other,1,600.0,1,33.0
8492,other,3,1569.0,3,70.0
8493,other,3,2600.0,3,147.0
8494,other,2,800.0,2,80.0
8495,other,3,1410.0,2,45.12
8496,other,1,800.0,1,72.0
8497,other,3,2273.0,4,192.0
8498,other,2,1255.0,2,52.76
8499,other,2,1020.0,2,49.0
8500,other,3,1225.0,2,82.0
8501,other,3,1200.0,3,56.12
8502,other,1,655.0,1,27.0
8503,other,2,1196.0,2,96.0
8504,other,2,927.0,2,50.0
8505,other,1,600.0,1,18.0
8506,other,2,950.0,2,58.11
8507,other,2,1175.0,2,48.72
8508,other,4,2800.0,4,200.0
8509,other,3,1630.0,3,51.35
8510,other,2,1000.0,2,45.0
8511,other,2,1315.0,2,70.0
8512,other,3,1820.0,3,150.0
8513,other,2,800.0,2,85.0
8514,other,2,985.0,2,57.0
8515,other,11,6000.0,12,150.0
8516,other,7,3600.0,7,160.0
8517,other,3,1540.0,2,78.0
8518,other,3,1503.0,2,93.0
8519,other,2,1190.0,2,39.25
8520,other,2,1200.0,2,61.0
8521,other,3,2500.0,2,60.0
8522,other,3,1200.0,3,56.12
8523,other,3,1500.0,2,52.0
8524,other,3,1962.0,3,175.0
8525,other,3,1765.0,3,77.27
8526,other,3,1760.0,3,142.0
8527,other,3,1768.0,3,95.0
8528,other,2,1308.0,2,60.0
8529,other,4,3060.0,4,350.0
8530,other,1,800.0,1,32.0
8531,other,7,3000.0,6,145.0
8532,other,2,1090.0,2,43.5
8533,other,4,2330.0,3,94.71
8534,other,1,600.0,1,35.0
8535,other,2,1010.0,2,55.0
8536,other,2,1020.0,2,46.0
8537,other,2,1050.0,2,64.8
8538,other,2,1080.0,2,37.8
8539,other,4,3978.0,4,428.0
8540,other,2,1500.0,2,45.0
8541,other,2,1020.0,2,48.45
8542,other,3,1800.0,3,85.0
8543,other,3,2008.0,3,170.0
8544,other,3,2095.0,3,142.0
8545,other,2,1190.0,2,48.6
8546,other,3,1600.0,2,88.0
8547,other,3,1674.0,3,90.0
8548,other,3,1510.0,3,47.57
8549,other,2,1250.0,2,110.0
8550,other,1,620.0,2,48.0
8551,other,2,1200.0,2,60.0
8552,other,1,500.0,1,20.0
8553,other,3,1280.0,2,100.0
8554,other,3,1650.0,3,110.0
8555,other,3,1500.0,2,75.0
8556,other,2,1100.0,2,60.0
8557,other,2,1044.0,2,85.0
8558,other,3,1425.0,3,55.0
8559,other,2,840.0,1,99.0
8560,other,3,1424.0,2,75.0
8561,other,2,1285.0,2,45.0
8562,other,3,2000.0,2,95.0
8563,other,2,1240.0,2,60.0
8564,other,4,3870.0,4,411.0
8565,other,3,1320.0,2,55.0
8566,other,3,1835.0,3,175.0
8567,other,2,1257.0,2,93.0
8568,other,2,1322.0,2,61.99
8569,other,3,1450.0,2,65.0
8570,other,1,425.0,1,15.0
8571,other,2,820.0,2,30.0
8572,other,3,1450.0,3,68.0
8573,other,3,1270.0,2,50.79
8574,other,4,2380.0,4,242.0
8575,other,3,1536.0,3,104.0
8576,other,2,900.0,1,70.0
8577,other,2,1517.0,2,125.0
8578,other,2,1230.0,2,58.0
8579,other,3,1276.0,2,150.0
8580,other,2,1000.0,2,35.0
8581,other,3,1512.0,3,80.0
8582,other,2,1190.0,2,60.0
8583,other,3,1550.0,2,80.0
8584,other,2,1325.0,2,73.0
8585,other,3,1600.0,3,74.5
8586,other,3,1365.0,2,72.0
8587,other,4,3602.0,4,280.0
8588,other,4,2400.0,4,145.0
8589,other,3,2159.0,3,120.0
8590,other,3,1200.0,3,72.0
8591,other,1,510.0,1,34.0
8592,other,2,1166.0,2,65.0
8593,other,3,2700.0,2,260.0
8594,other,4,2100.0,6,100.0
8595,other,2,1175.0,2,50.0
8596,other,2,1432.0,2,68.0
8597,other,2,1309.0,2,80.0
8598,other,2,940.0,2,56.0
8599,other,2,1015.0,2,40.1
8600,other,4,2340.0,4,145.0
8601,other,2,1200.0,1,81.0
8602,other,3,1400.0,3,69.0
8603,other,3,1645.0,3,95.0
8604,other,2,1086.0,2,44.5
8605,other,3,1730.0,3,93.0
8606,other,4,1600.0,4,90.0
8607,other,2,1000.0,2,63.0
8608,other,2,1160.0,2,46.39
8609,other,2,1350.0,2,65.0
8610,other,3,1998.0,3,117.0
8611,other,2,1225.0,2,48.0
8612,other,3,1842.0,3,115.0
8613,other,2,1300.0,2,60.0
8614,other,2,950.0,2,33.0
8615,other,1,527.0,1,35.0
8616,other,4,3056.0,5,100.0
8617,other,3,1804.0,3,150.0
8618,other,3,1350.0,3,81.0
8619,other,2,826.0,2,36.0
8620,other,4,3000.0,3,300.0
8621,other,2,935.0,2,35.0
8622,other,2,1180.0,2,39.0
8623,other,3,1315.0,2,49.0
8624,other,4,2900.0,4,200.0
8625,other,4,2200.0,3,115.0
8626,other,5,2400.0,5,85.0
8627,other,4,3197.0,5,335.0
8628,other,2,1250.0,2,95.0
8629,other,2,1500.0,2,50.0
8630,other,6,2400.0,4,170.0
8631,other,3,1345.0,3,60.0
8632,other,3,1260.0,2,95.0
8633,other,3,1650.0,3,52.0
8634,other,1,600.0,1,45.0
8635,other,2,1077.0,2,50.0
8636,other,1,672.0,1,27.0
8637,other,3,1280.0,3,87.0
8638,other,5,3750.0,6,295.0
8639,other,3,1850.0,3,95.0
8640,other,3,1567.0,3,100.0
8641,other,3,2350.0,3,210.0
8642,other,2,1057.0,2,65.0
8643,other,2,1125.0,2,48.0
8644,other,3,1760.0,3,115.0
8645,other,3,1365.0,3,54.0
8646,other,1,560.0,1,19.0
8647,other,2,1194.0,2,47.0
8648,other,3,1471.0,2,75.0
8649,other,2,957.0,2,54.5
8650,other,2,1033.0,2,32.0
8651,other,1,520.0,2,29.0
8652,other,2,1165.0,2,88.5
8653,other,3,1950.0,3,230.0
8654,other,1,600.0,1,58.0
8655,other,2,1392.0,2,130.0
8656,other,1,1000.0,1,19.0
8657,other,2,1300.0,2,60.0
8658,other,3,1477.0,2,75.0
8659,other,3,2000.0,2,120.0
8660,other,2,1220.0,2,65.0
8661,other,2,1247.0,2,62.35
8662,other,2,850.0,2,32.5
8663,other,2,1000.0,2,34.0
8664,other,3,1842.0,3,115.0
8665,other,2,1256.0,2,65.0
8666,other,2,1150.0,2,52.5
8667,other,2,1250.0,2,48.5
8668,other,3,1475.0,2,58.99
8669,other,2,850.0,2,25.4
8670,other,3,1428.0,2,70.0
8671,other,2,1130.0,2,74.0
8672,other,2,1407.0,2,83.87
8673,other,2,900.0,2,45.0
8674,other,4,2375.0,3,260.0
8675,other,2,1200.0,2,67.0
8676,other,3,1872.0,3,152.0
8677,other,3,1400.0,3,90.0
8678,other,10,4000.0,12,160.0
8679,other,1,812.0,1,26.0
8680,other,2,829.0,2,22.8
8681,other,1,600.0,2,35.0
8682,other,2,1105.0,2,50.0
8683,other,2,1000.0,2,51.0
8684,other,3,1240.0,2,63.0
8685,other,3,1393.0,3,54.0
8686,other,3,1640.0,3,70.0
8687,other,2,1200.0,2,62.0
8688,other,3,1650.0,3,68.0
8689,other,4,2496.0,4,125.0
8690,other,3,1600.0,3,125.0
8691,other,3,1495.0,3,55.0
8692,other,3,1400.0,3,53.0
8693,other,2,1054.0,2,53.0
8694,other,2,996.0,2,49.0
8695,other,2,1275.0,2,47.0
8696,other,2,1250.0,2,75.0
8697,other,2,1394.0,2,52.0
8698,other,2,1075.0,2,57.0
8699,other,3,1800.0,4,115.0
8700,other,2,1220.0,2,54.89
8701,other,3,1499.0,3,89.0
8702,other,3,1280.0,2,55.0
8703,other,3,2646.0,3,99.0
8704,other,2,1161.0,2,36.69
8705,other,2,1050.0,2,65.0
8706,other,1,552.5,1,13.26
8707,other,2,905.0,2,50.0
8708,other,2,1101.0,2,66.0
8709,other,4,2736.0,4,130.0
8710,other,2,1056.0,2,55.0
8711,other,2,1000.0,2,34.0
8712,other,3,1770.0,3,90.0
8713,other,3,3155.0,3,315.0
8714,other,7,6500.0,7,104.0
8715,other,2,1152.0,2,57.0
8716,other,3,2357.0,3,135.0
8717,other,3,1865.0,3,139.0
8718,other,4,4200.0,4,255.0
8719,other,2,1200.0,2,39.0
8720,other,3,1350.0,2,65.0
8721,other,2,1490.0,2,150.0
8722,other,2,870.0,1,45.0
8723,other,3,1464.0,2,135.0
8724,other,3,1365.0,3,80.0
8725,other,2,1300.0,2,32.0
8726,other,2,1200.0,2,75.0
8727,other,3,1707.0,3,171.0
8728,other,3,1324.0,3,65.0
8729,other,1,565.0,1,33.0
8730,other,1,630.0,2,70.0
8731,other,2,1000.0,2,55.0
8732,other,2,1045.0,2,42.0
8733,other,2,1250.0,2,62.4
8734,other,3,2400.0,4,130.0
8735,other,3,1720.0,3,83.0
8736,other,2,1150.0,2,60.0
8737,other,2,1100.0,2,70.0
8738,other,4,4500.0,5,150.0
8739,other,3,1350.0,2,47.25
8740,other,1,420.0,1,23.5
8741,other,2,940.0,2,40.0
8742,other,3,1675.0,3,65.0
8743,other,2,1225.0,2,71.05
8744,other,3,2400.0,2,300.0
8745,other,1,775.0,1,34.1
8746,other,3,1732.5,3,91.855
8747,other,4,2704.0,5,105.0
8748,other,2,3760.0,2,280.0
8749,other,3,3071.0,4,300.0
8750,other,4,2400.0,5,100.0
8751,other,2,850.0,2,34.0
8752,other,3,1260.0,2,49.0
8753,other,3,1450.0,3,65.0
8754,other,2,1101.0,2,66.0
8755,other,3,2100.0,3,70.0
8756,other,2,1180.0,2,59.47
8757,other,3,1620.0,3,95.0
8758,other,2,1072.0,2,42.87
8759,other,1,560.0,1,21.0
8760,other,2,1156.0,2,46.0
8761,other,2,1565.0,2,69.0
8762,other,2,1140.0,2,56.0
8763,other,2,1110.0,2,110.0
8764,other,3,2250.0,3,180.0
8765,other,2,1020.0,2,48.45
8766,other,3,1485.0,3,78.0
8767,other,1,1350.0,2,45.0
8768,other,2,1209.0,2,100.0
8769,other,3,1500.0,3,95.0
8770,other,3,1705.0,3,75.0
8771,other,2,1000.0,2,60.0
8772,other,3,1488.0,2,65.0
8773,other,3,1700.0,3,110.0
8774,other,3,2250.0,3,199.0
8775,other,4,3700.0,4,314.0
8776,other,2,1190.0,2,42.25
8777,other,3,1405.0,3,169.0
8778,other,4,4800.0,6,420.0
8779,other,1,700.0,1,35.0
8780,other,2,1050.0,2,43.5
8781,other,3,1800.0,3,53.0
8782,other,1,500.0,1,16.0
8783,other,3,1600.0,3,180.0
8784,other,2,1140.0,2,49.0
8785,other,1,648.0,1,34.0
8786,other,3,1720.0,2,126.0
8787,other,2,1100.0,2,45.0
8788,other,2,825.0,2,35.0
8789,other,2,1080.0,2,64.0
8790,other,2,1010.0,2,40.4
8791,other,2,1100.0,2,61.0
8792,other,2,800.0,1,29.0
8793,other,2,1225.0,2,47.0
8794,other,1,535.0,1,35.0
8795,other,3,1315.0,3,64.0
8796,other,3,1664.0,3,69.89
8797,other,2,1067.0,2,33.99
8798,other,2,1152.0,2,42.0
8799,other,3,1465.0,2,88.0
8800,other,2,1198.0,2,65.0
8801,other,2,1145.0,2,63.0
8802,other,4,3420.0,3,410.0
8803,other,2,1280.0,2,75.0
8804,other,3,1450.0,3,75.0
8805,other,3,1738.0,3,110.0
8806,other,2,960.0,2,55.0
8807,other,1,800.0,1,29.5
8808,other,3,1286.0,2,68.0
8809,other,2,1310.0,2,111.0
8810,other,2,1352.0,2,72.0
8811,other,3,1500.0,3,90.0
8812,other,2,982.0,2,25.0
8813,other,2,1050.0,2,110.0
8814,other,2,1541.0,2,181.0
8815,other,2,1275.0,2,105.0
8816,other,2,1187.0,2,42.0
8817,other,3,2048.0,3,206.0
8818,other,3,1355.0,2,58.25
8819,other,4,3600.0,4,330.0
8820,other,2,1095.0,2,55.85
8821,other,3,2320.0,2,160.0
8822,other,3,1237.0,3,78.0
8823,other,2,965.0,2,38.0
8824,other,2,1464.0,2,56.0
8825,other,2,1840.0,1,95.0
8826,other,4,2400.0,4,89.0
8827,other,3,1250.0,2,44.0
8828,other,3,1639.0,3,77.89
8829,other,2,1105.0,2,80.0
8830,other,2,1160.0,2,75.0
8831,other,2,1257.0,2,105.0
8832,other,3,1294.0,2,52.0
8833,other,2,1095.0,2,45.0
8834,other,2,1040.0,2,36.84
8835,other,3,1325.0,2,47.0
8836,other,2,1108.0,2,48.0
8837,other,2,1155.0,2,65.0
8838,other,3,1464.0,3,56.0
8839,other,3,1500.0,3,67.49
8840,other,2,1060.0,2,42.5
8841,other,4,3900.0,5,415.0
8842,other,2,984.0,2,125.0
8843,other,2,1148.0,2,69.0
8844,other,3,1719.0,3,110.0
8845,other,3,1420.0,3,70.0
8846,other,4,3000.0,4,264.0
8847,other,3,1398.0,3,51.0
8848,other,2,1335.0,2,110.0
8849,other,2,1320.0,2,90.0
8850,other,3,1285.0,2,45.0
8851,other,2,1161.0,2,59.0
8852,other,2,1306.0,2,65.0
8853,other,3,1504.0,3,67.0
8854,other,2,1230.0,2,68.0
8855,other,2,1260.0,2,62.0
8856,other,3,1930.0,3,75.0
8857,other,4,4560.0,5,430.0
8858,other,2,849.0,2,25.4
8859,other,3,1555.0,3,100.0
8860,other,5,2700.0,4,170.0
8861,other,3,1950.0,3,125.0
8862,other,2,1077.0,2,34.46
8863,other,5,3000.0,4,300.0
8864,other,2,1135.0,2,68.0
8865,other,1,700.0,1,35.0
8866,other,2,1500.0,2,65.0
8867,other,3,1330.0,2,49.0
8868,other,3,1560.0,2,125.0
8869,other,3,1290.0,3,45.33
8870,other,2,1332.0,2,101.0
8871,other,2,1012.0,2,59.0
8872,other,2,1245.0,2,120.0
8873,other,2,1200.0,2,45.6
8874,other,3,1485.0,2,110.0
8875,other,4,2400.0,4,88.0
8876,other,2,1115.0,2,50.0
8877,other,2,1489.0,2,101.0
8878,other,4,1900.0,3,90.0
8879,other,3,1464.0,3,56.0
8880,other,3,1600.0,2,90.0
8881,other,4,3400.0,4,275.0
8882,other,3,1508.0,3,75.0
8883,other,6,3000.0,6,300.0
8884,other,2,1050.0,2,51.0
8885,other,3,1903.0,3,165.0
8886,other,2,1200.0,2,38.0
8887,other,4,2996.0,4,200.0
8888,other,4,3400.0,4,200.0
8889,other,2,1092.0,2,43.0
8890,other,3,1602.0,2,75.0
8891,other,2,1037.0,2,36.28
8892,other,1,551.0,1,30.0
8893,other,2,1400.0,2,44.8
8894,other,1,550.0,1,16.0
8895,other,4,1800.0,4,55.0
8896,other,4,2000.0,3,90.0
8897,other,3,1780.0,3,100.0
8898,other,2,1050.0,2,49.5
8899,other,3,1843.0,3,87.54
8900,other,3,2357.0,3,135.0
8901,other,3,1310.0,3,90.0
8902,other,3,1400.0,2,80.0
8903,other,3,1625.0,3,120.0
8904,other,2,900.0,2,24.0
8905,other,2,1200.0,2,54.0
8906,other,3,1603.0,2,125.0
8907,other,1,450.0,1,30.0
8908,other,2,1165.0,2,45.0
8909,other,4,3000.0,4,301.0
8910,other,2,1160.0,2,40.53
8911,other,2,1200.0,3,52.0
8912,other,2,1275.0,2,69.0
8913,other,5,3750.0,6,295.0
8914,other,3,1300.0,2,51.0
8915,other,2,1165.0,2,49.61
8916,other,3,1623.0,3,155.0
8917,other,1,450.0,1,20.0
8918,other,2,1245.0,2,55.0
8919,other,3,1275.0,3,55.0
8920,other,3,1232.0,3,96.0
8921,other,1,900.0,1,52.3
8922,other,2,1075.0,2,48.38
8923,other,2,1280.0,2,120.0
8924,other,2,1088.0,2,43.5
8925,other,2,1194.0,2,45.0
8926,other,2,1070.0,2,32.99
8927,other,2,1000.0,2,31.0
8928,other,2,991.0,2,64.0
8929,other,2,1200.0,2,110.0
8930,other,3,1400.0,2,78.0
8931,other,2,1349.0,2,56.7
8932,other,4,2895.5,2,246.0
8933,other,2,1140.0,2,49.11
8934,other,3,2648.0,3,238.0
8935,other,3,1455.0,2,45.0
8936,other,3,1475.0,3,80.0
8937,other,3,1788.0,3,164.0
8938,other,3,1721.0,3,93.0
8939,other,2,1184.0,2,55.0
8940,other,3,1480.0,3,75.0
8941,other,2,2400.0,2,228.0
8942,other,4,4800.0,4,420.0
8943,other,2,900.0,2,41.0
8944,other,2,1163.0,2,68.0
8945,other,1,801.0,1,33.645
8946,other,3,1300.0,2,80.0
8947,other,2,1009.0,2,65.0
8948,other,3,1540.0,3,65.0
8949,other,3,1215.0,2,46.8
8950,other,4,2400.0,4,135.0
8951,other,2,998.0,2,65.0
8952,other,3,2400.0,3,250.0
8953,other,3,1354.0,2,98.0
8954,other,3,2560.0,4,310.0
8955,other,2,1040.0,2,78.0
8956,other,3,1215.0,2,50.0
8957,other,2,1328.0,2,69.0
8958,other,2,975.0,2,45.0
8959,other,3,1907.0,2,200.0
8960,other,2,1330.0,2,80.0
8961,other,4,2330.0,5,175.0
8962,other,3,4446.0,3,410.0
8963,other,3,1320.0,2,95.0
8964,other,5,8000.0,5,550.0
8965,other,2,1000.0,2,50.0
8966,other,3,1400.0,3,45.0
8967,other,2,1000.0,2,35.0
8968,other,2,1225.0,2,48.0
8969,other,4,4500.0,3,225.0
8970,other,4,2200.0,2,150.0
8971,other,2,1340.0,2,73.0
8972,other,2,1170.0,2,50.0
8973,other,2,1075.0,2,50.0
8974,other,2,935.0,2,45.9
8975,other,4,1905.0,3,86.0
8976,other,2,1120.0,2,36.0
8977,other,2,1130.0,2,75.0
8978,other,2,1334.0,2,62.0
8979,other,5,2800.0,5,130.0
8980,other,2,1113.0,2,70.0
8981,other,3,1900.0,3,190.0
8982,other,2,1110.0,2,44.95
8983,other,2,1116.0,2,47.0
8984,other,2,966.0,2,50.0
8985,other,3,1630.0,3,131.0
8986,other,1,1050.0,2,41.0
8987,other,3,1515.0,2,69.0
8988,other,2,1427.0,2,52.0
8989,other,3,3210.0,4,380.0
8990,other,13,5425.0,13,275.0
8991,other,2,1050.0,2,48.0
8992,other,4,3750.0,5,145.0
8993,other,2,900.0,2,48.0
8994,other,2,978.0,2,34.22
8995,other,4,4041.0,4,345.0
8996,other,1,620.0,1,25.0
8997,other,2,1210.0,2,75.0
8998,other,3,2400.0,3,252.0
8999,other,2,1180.0,2,41.94
9000,other,3,1430.0,3,70.0
9001,other,2,1200.0,1,70.0
9002,other,3,1950.0,4,95.0
9003,other,2,1200.0,3,70.0
9004,other,3,1250.0,3,40.0
9005,other,2,1130.0,2,68.0
9006,other,5,2400.0,4,97.0
9007,other,2,1245.0,1,60.0
9008,other,3,1390.0,2,50.0
9009,other,3,2750.0,5,275.0
9010,other,2,800.0,2,55.0
9011,other,3,2400.0,3,220.0
9012,other,3,2325.0,3,95.0
9013,other,3,1540.0,3,48.51
9014,other,2,1244.0,2,95.0
9015,other,3,1500.0,4,180.0
9016,other,2,1200.0,2,75.0
9017,other,1,400.0,2,50.0
9018,other,2,1100.0,2,57.6
9019,other,3,2159.0,3,120.0
9020,other,5,3100.0,6,165.0
9021,other,1,1200.0,1,48.0
9022,other,2,1340.0,2,71.0
9023,other,2,1400.0,2,100.0
9024,other,3,1675.0,3,62.0
9025,other,2,1190.0,2,59.9
9026,other,2,1250.0,2,55.0
9027,other,2,1450.0,2,90.0
9028,other,3,1304.0,3,65.0
9029,other,2,1275.0,2,49.5
9030,other,1,10030.0,1,150.0
9031,other,3,2500.0,4,140.0
9032,other,4,3600.0,4,225.0
9033,other,3,2300.0,3,280.0
9034,other,2,1301.0,2,120.0
9035,other,3,1900.0,2,92.0
9036,other,3,1250.0,3,40.0
9037,other,2,925.0,2,55.0
9038,other,3,3900.0,3,250.0
9039,other,2,1400.0,2,160.0
9040,other,3,1715.0,3,95.0
9041,other,3,1400.0,2,56.0
9042,other,3,1325.0,2,60.8
9043,other,2,1073.0,2,72.0
9044,other,3,1270.0,2,57.15
9045,other,2,1171.0,2,39.0
9046,other,1,600.0,1,20.0
9047,other,4,4382.0,4,400.0
9048,other,2,1008.0,2,52.0
9049,other,3,1254.0,2,70.0
9050,other,3,1820.0,3,79.5
9051,other,2,1293.0,2,80.0
9052,other,2,1050.0,2,36.0
9053,other,3,1500.0,3,56.0
9054,other,2,1000.0,2,66.0
9055,other,3,1864.0,3,115.0
9056,other,2,1200.0,2,135.0
9057,other,3,1950.0,2,89.5
9058,other,4,2400.0,4,150.0
9059,other,3,2285.0,4,165.0
9060,other,2,1263.0,2,51.5
9061,other,5,4400.0,5,240.0
9062,other,2,1050.0,2,38.0
9063,other,3,1525.0,2,91.48
9064,other,2,975.0,2,60.0
9065,other,3,2000.0,3,100.0
9066,other,2,1220.0,2,56.0
9067,other,1,1500.0,2,85.0
9068,other,4,5000.0,5,300.0
9069,other,4,2422.0,4,135.0
9070,other,2,1000.0,2,50.0
9071,other,2,1200.0,4,138.0
9072,other,2,1100.0,2,68.0
9073,other,4,5000.0,5,325.0
9074,other,6,4000.0,6,460.0
9075,other,2,1105.0,2,28.18
9076,other,2,1010.0,2,52.0
9077,other,2,1090.0,2,37.0
9078,other,4,2950.0,4,250.0
9079,other,3,1464.0,2,115.0
9080,other,3,1385.0,3,90.0
9081,other,2,1205.0,2,47.0
9082,other,2,1070.0,2,33.43
9083,other,2,1070.0,2,52.0
9084,other,2,1200.0,2,53.5
9085,other,2,1415.0,2,120.0
9086,other,3,1750.0,3,58.0
9087,other,3,1537.0,3,81.0
9088,other,2,1050.0,2,45.0
9089,other,3,1255.0,2,60.0
9090,other,3,2440.0,3,142.0
9091,other,2,1060.0,2,48.66
9092,other,3,2400.0,2,185.0
9093,other,2,1170.0,2,45.51
9094,other,3,1580.0,3,75.0
9095,other,2,1080.0,2,38.0
9096,other,2,1025.0,2,65.0
9097,other,2,1020.0,2,70.0
9098,other,2,1100.0,2,48.0
9099,other,2,1155.0,2,69.0
9100,other,6,4000.0,6,230.0
9101,other,2,850.0,2,25.4
9102,other,3,1842.0,3,115.0
9103,other,3,2030.0,2,182.0
9104,other,3,1555.0,2,67.0
9105,other,3,2900.0,3,325.0
9106,other,2,1000.0,2,58.0
9107,other,2,1076.0,2,30.13
9108,other,4,2180.0,4,115.0
9109,other,3,1600.0,2,65.0
9110,other,2,1050.0,2,35.0
9111,other,3,1610.0,3,85.0
9112,other,2,1500.0,2,145.0
9113,other,4,3150.0,3,135.0
9114,other,3,1423.0,2,71.73
9115,other,2,1105.0,2,27.6
9116,other,2,1255.0,2,56.7
9117,other,2,907.0,2,55.43
9118,other,4,2597.0,4,189.0
9119,other,2,1410.0,2,73.0
9120,other,2,1150.0,2,42.0
9121,other,2,1170.0,2,53.11
9122,other,3,1789.0,3,75.0
9123,other,2,1103.0,2,55.0
9124,other,2,1201.0,2,65.0
9125,other,1,660.0,1,30.0
9126,other,4,1632.0,3,140.0
9127,other,3,1370.0,2,87.0
9128,other,2,1050.0,2,40.0
9129,other,2,1150.0,2,52.0
9130,other,2,1276.0,2,40.0
9131,other,3,2735.0,4,340.0
9132,other,2,950.0,2,65.0
9133,other,2,1134.0,2,55.0
9134,other,2,1080.0,2,37.8
9135,other,3,1200.0,2,35.0
9136,other,2,999.0,2,32.9
9137,other,3,1535.0,3,72.0
9138,other,2,1265.0,2,68.0
9139,other,4,3500.0,4,150.0
9140,other,4,5400.0,4,250.0
9141,other,2,1185.0,2,55.0
9142,other,1,660.0,1,35.0
9143,other,2,1140.0,2,60.0
9144,other,5,3600.0,5,130.0
9145,other,2,1333.0,2,86.65
9146,other,3,1458.0,2,87.0
9147,other,1,550.0,1,27.0
9148,other,2,1081.0,2,39.0
9149,other,2,1178.0,2,80.0
9150,other,2,991.0,2,40.0
9151,other,2,814.0,2,53.0
9152,other,7,4000.0,8,150.0
9153,other,4,2700.0,4,295.0
9154,other,2,1175.0,2,52.86
9155,other,3,1426.0,2,71.0
9156,other,3,2400.0,2,195.0
9157,other,2,1100.0,2,70.0
9158,other,2,900.0,2,27.0
9159,other,2,1360.0,2,110.0
9160,other,2,1300.0,2,95.0
9161,other,1,936.0,1,53.0
9162,other,2,1277.0,2,92.0
9163,other,2,1200.0,2,54.0
9164,other,2,1600.0,2,160.0
9165,other,3,1350.0,3,60.0
9166,other,4,3126.0,5,345.0
9167,other,3,1575.0,2,31.11
9168,other,2,957.0,2,55.0
9169,other,5,2400.0,5,150.0
9170,other,1,1200.0,1,45.0
9171,other,2,1092.0,2,49.0
9172,other,2,827.0,2,34.0
9173,other,2,800.0,2,32.0
9174,other,2,1200.0,2,73.2
9175,other,2,1055.0,2,43.0
9176,other,3,1839.0,3,160.0
9177,other,5,2760.0,5,140.0
9178,other,2,993.0,2,42.0
9179,other,2,825.0,2,32.0
9180,other,2,925.0,2,100.0
9181,other,1,650.0,1,50.0
9182,other,2,2260.0,3,90.0
9183,other,1,720.0,1,32.39
9184,other,6,2400.0,5,75.0
9185,other,3,2100.0,3,125.0
9186,other,2,1000.0,2,42.0
9187,other,3,1400.0,3,81.0
9188,other,2,1070.0,2,87.0
9189,other,3,1536.0,3,107.0
9190,other,3,1600.0,3,130.0
9191,other,2,1296.0,2,70.0
9192,other,2,1125.0,2,55.0
9193,other,2,1194.0,2,51.0
9194,other,5,2250.0,5,240.0
9195,other,2,1070.0,2,49.0
9196,other,5,3000.0,4,170.0
9197,other,4,2200.0,3,225.0
9198,other,2,1300.0,2,63.0
9199,other,2,910.0,2,36.0
9200,other,2,1005.0,2,55.0
9201,other,3,1626.6,3,133.0
9202,other,2,1007.0,2,48.0
9203,other,2,1100.0,2,60.0
9204,other,2,1348.0,2,100.0
9205,other,2,1298.0,2,65.0
9206,other,3,1312.0,2,56.5
9207,other,2,1053.0,2,46.29
9208,other,2,1035.0,2,52.79
9209,other,3,1210.0,2,65.0
9210,other,3,1410.0,3,90.0
9211,other,2,1469.0,2,99.14
9212,other,3,1460.0,2,87.0
9213,other,3,1260.0,2,85.05
9214,other,3,3000.0,3,265.0
9215,other,3,1200.0,2,120.0
9216,other,2,1250.0,2,65.0
9217,other,3,1800.0,3,150.0
9218,other,2,1000.0,2,35.0
9219,other,4,2507.0,4,155.0
9220,other,2,1120.0,2,39.29
9221,other,2,967.0,2,47.8
9222,other,3,1798.0,3,73.0
9223,other,3,2098.0,3,210.0
9224,other,3,2400.0,3,270.0
9225,other,3,1800.0,3,192.0
9226,other,3,1700.0,3,120.0
9227,other,3,2000.0,3,85.0
9228,other,1,509.0,1,20.0
9229,other,4,3535.0,4,215.0
9230,other,4,1800.0,3,82.0
9231,other,3,1397.0,2,52.0
9232,other,3,2050.0,3,135.0
9233,other,2,2100.0,1,200.0
9234,other,2,1276.0,2,146.0
9235,other,2,1339.0,2,53.56
9236,other,2,1305.0,2,52.0
9237,other,3,1600.0,3,100.0
9238,other,3,1945.0,3,115.0
9239,other,3,2300.0,2,69.0
9240,other,2,1235.0,2,52.76
9241,other,2,850.0,2,42.5
9242,other,2,1060.0,2,52.0
9243,other,2,1037.0,2,36.28
9244,other,2,1150.0,2,39.0
9245,other,2,1184.0,2,62.0
9246,other,4,3500.0,4,320.0
9247,other,3,1545.0,3,65.0
9248,other,3,1540.0,3,150.0
9249,other,4,3200.0,4,270.0
9250,other,2,1050.0,2,45.0
9251,other,2,1165.0,2,65.0
9252,other,2,1200.0,1,42.0
9253,other,2,1300.0,2,58.0
9254,other,2,1350.0,2,68.0
9255,other,7,3000.0,6,180.0
9256,other,3,1645.0,3,87.0
9257,other,6,2700.0,7,110.0
9258,other,3,1305.0,2,45.68
9259,other,2,1255.0,2,65.0
9260,other,2,800.0,1,95.0
9261,other,4,1650.0,2,140.0
9262,other,2,950.0,2,45.0
9263,other,2,1068.0,2,43.0
9264,other,2,1010.0,2,41.0
9265,other,3,1451.0,3,68.0
9266,other,3,4395.0,3,240.0
9267,other,2,1100.0,2,38.5
9268,other,3,1700.0,3,71.0
9269,other,3,1936.0,3,139.0
9270,other,3,1269.0,2,63.0
9271,other,2,935.0,2,40.0
9272,other,2,1220.0,2,65.0
9273,other,3,1400.0,2,40.43
9274,other,1,1200.0,1,65.0
9275,other,3,1800.0,3,95.0
9276,other,3,2045.0,3,108.0
9277,other,3,1410.0,2,54.0
9278,other,2,1310.0,2,88.0
9279,other,3,1600.0,3,90.0
9280,other,2,1250.0,2,55.0
9281,other,5,2000.0,5,240.0
9282,other,2,972.0,2,43.0
9283,other,4,4500.0,4,345.0
9284,other,3,3155.0,4,316.0
9285,other,2,1200.0,2,54.0
9286,other,2,1441.0,2,115.0
9287,other,3,1370.07,3,65.0
9288,other,2,900.0,2,40.0
9289,other,1,418.0,1,17.0
9290,other,3,1200.0,3,80.0
9291,other,2,1200.0,2,43.0
9292,other,2,1126.0,2,36.0
9293,other,1,610.0,1,28.0
9294,other,6,2400.0,7,107.0
9295,other,3,1864.0,3,120.0
9296,other,2,950.0,2,57.0
9297,other,3,1735.0,3,70.0
9298,other,2,985.0,2,45.0
9299,other,2,1100.0,2,62.0
9300,other,2,1250.0,2,78.0
9301,other,4,2400.0,3,108.0
9302,other,3,1200.0,2,90.0
9303,other,3,1392.0,3,69.46
9304,other,6,3600.0,6,170.0
9305,other,2,1279.0,2,100.0
9306,other,2,1256.0,2,60.0
9307,other,3,1350.0,3,65.0
9308,other,3,1525.0,3,68.63
9309,other,2,900.0,2,25.0
9310,other,2,1185.0,2,42.66
9311,other,2,1000.0,2,50.0
9312,other,4,3600.0,4,300.0
9313,other,4,3730.0,6,430.0
9314,other,3,1600.0,4,120.0
9315,other,2,1120.0,2,60.0
9316,other,6,5100.0,7,225.0
9317,other,1,740.0,1,23.65
9318,other,2,1308.0,2,86.0
9319,other,4,2170.0,3,265.0
9320,other,2,1247.0,2,58.56
9321,other,2,1100.0,2,55.0
9322,other,2,1000.0,2,45.0
9323,other,4,2325.0,4,120.0
9324,other,3,1347.0,2,55.0
9325,other,2,1225.0,2,71.05
9326,other,7,4000.0,7,90.0
9327,other,2,1200.0,3,78.0
9328,other,3,2180.0,3,273.0
9330,other,2,1339.0,2,55.0
9331,other,3,1449.0,3,72.0
9332,other,2,1100.0,2,38.68
9333,other,2,1100.0,2,55.0
9334,other,8,3300.0,8,310.0
9335,other,5,2000.0,4,65.0
9336,other,2,1300.0,2,95.0
9337,other,2,1350.0,2,89.5
9338,other,6,3381.0,6,225.0
9339,other,3,2312.0,3,156.0
9340,other,2,1175.0,2,70.0
9341,other,2,1145.0,2,51.0
9342,other,3,2150.0,3,240.0
9343,other,3,1460.0,2,90.0
9344,other,3,1690.0,3,50.0
9345,other,2,1090.0,2,32.0
9346,other,2,1095.0,2,85.41
9347,other,3,2400.0,2,50.0
9348,other,3,1776.0,3,124.0
9349,other,3,1650.0,3,95.0
9350,other,3,1559.0,3,62.0
9351,other,4,6652.0,6,510.0
9352,other,3,1400.0,2,42.0
9353,other,2,1060.0,2,52.0
9354,other,3,2500.0,2,300.0
9355,other,2,900.0,2,27.0
9356,other,3,1643.0,2,70.0
9357,other,3,1500.0,2,120.0
9358,other,4,1700.0,3,55.0
9359,other,6,3800.0,6,175.0
9360,other,4,3150.0,4,180.0
9361,other,1,1200.0,1,39.82
9362,other,3,1330.0,2,68.0
9363,other,2,927.0,2,37.0
9364,other,3,1500.0,3,61.52
9365,other,3,1200.0,3,68.0
9366,other,6,3800.0,6,390.0
9367,other,1,410.0,1,48.0
9368,other,3,1717.0,3,200.0
9369,other,2,880.0,1,90.0
9370,other,3,1250.0,3,42.0
9371,other,3,1776.0,3,150.0
9372,other,2,1293.0,2,80.0
9373,other,2,1280.0,2,68.48
9374,other,2,1200.0,2,46.17
9375,other,3,1814.0,3,129.0
9376,other,3,3200.0,4,140.0
9377,other,3,1250.0,2,77.13
9378,other,3,1475.0,3,75.0
9379,other,4,2100.0,3,210.0
9380,other,3,1330.0,3,65.0
9381,other,2,905.0,2,35.0
9382,other,2,1333.0,2,78.56
9383,other,2,1065.0,2,45.0
9384,other,6,7000.0,6,560.0
9385,other,3,1525.0,3,65.0
9386,other,2,1080.0,2,67.0
9387,other,2,1220.0,2,72.0
9388,other,2,1500.0,2,60.0
9389,other,3,2500.0,4,65.0
9390,other,3,1884.0,3,95.0
9391,other,2,1100.0,2,75.0
9392,other,2,1350.0,2,90.0
9393,other,4,4800.0,5,350.0
9394,other,3,1700.0,3,74.0
9395,other,3,1200.0,3,110.0
9396,other,3,1276.0,2,80.0
9397,other,1,705.0,1,65.0
9398,other,2,1220.0,2,62.0
9399,other,3,1495.0,2,63.0
9400,other,2,996.0,2,36.5
9401,other,2,1250.0,2,75.0
9402,other,2,1230.0,2,50.0
9403,other,2,1275.0,2,59.0
9404,other,2,1040.0,2,36.4
9405,other,4,3150.0,5,212.0
9406,other,3,1960.0,3,165.0
9407,other,1,648.0,1,40.0
9408,other,2,1100.0,2,90.0
9409,other,3,1320.0,2,58.0
9410,other,3,1480.0,3,75.48
9411,other,1,500.0,1,13.0
9412,other,2,1128.0,2,48.4
9413,other,2,1180.0,2,65.0
9414,other,2,1200.0,2,60.0
9415,other,3,1250.0,3,39.5
9416,other,2,1000.0,2,45.0
9417,other,2,975.0,2,55.0
9418,other,2,1190.0,2,42.0
9419,other,2,1275.0,2,55.0
9420,other,2,1115.0,2,115.0
9421,other,2,1105.0,2,30.0
9422,other,2,1080.0,2,38.0
9423,other,4,1600.0,4,200.0
9424,other,3,1731.0,3,64.11
9425,other,2,1035.0,2,90.0
9426,other,2,1145.0,2,68.5
9427,other,2,1170.0,2,39.0
9428,other,2,1070.0,2,50.0
9429,other,3,1532.0,3,59.75
9430,other,2,1150.0,2,46.0
9431,other,4,4040.0,4,500.0
9432,other,5,4000.0,5,425.0
9433,other,3,1495.0,3,90.0
9434,other,2,1053.0,2,51.0
9435,other,3,1250.0,3,39.0
9436,other,3,1670.0,3,59.0
9437,other,2,1000.0,2,60.0
9438,other,2,830.0,2,26.0
9439,other,6,2750.0,6,200.0
9440,other,3,1760.0,3,185.0
9441,other,3,1470.0,2,60.0
9442,other,2,1275.0,2,76.0
9443,other,3,1602.0,3,56.0
9444,other,1,793.0,1,40.0
9445,other,1,675.0,1,35.0
9446,other,4,3250.0,4,136.0
9447,other,2,1035.0,2,42.5
9448,other,2,1100.0,2,38.0
9449,other,3,1555.0,3,73.0
9450,other,3,1630.0,2,130.0
9451,other,2,900.0,2,44.5
9452,other,3,1563.0,3,63.0
9453,other,3,1270.0,2,50.79
9454,other,2,1200.0,2,82.0
9455,other,3,1419.0,3,85.0
9456,other,2,1195.0,2,42.4
9457,other,3,1200.0,3,149.0
9458,other,1,850.0,1,50.0
9459,other,2,1165.0,2,59.8
9460,other,2,933.0,2,55.0
9461,other,2,1125.0,2,65.0
9462,other,2,865.0,2,33.0
9463,other,2,8840.0,2,300.0
9464,other,3,2000.0,3,90.0
9465,other,3,1250.0,3,39.5
9466,other,2,823.0,2,80.0
9467,other,2,1140.0,2,78.0
9468,other,2,1025.0,2,48.0
9469,other,3,1411.0,2,60.0
9470,other,2,1320.0,2,50.0
9471,other,3,1750.0,3,120.0
9472,other,3,1464.0,3,56.0
9473,other,7,2800.0,5,95.0
9474,other,3,1300.0,3,46.0
9475,other,3,2150.0,3,170.0
9476,other,6,5100.0,5,300.0
9477,other,2,815.0,2,40.0
9478,other,4,5667.5,5,300.0
9479,other,3,2200.0,2,190.0
9480,other,2,1368.0,2,87.0
9481,other,2,1270.0,2,42.0
9482,other,3,1507.0,3,80.0
9483,other,2,1160.0,2,57.0
9484,other,3,1200.0,3,70.0
9485,other,2,960.0,2,50.0
9486,other,2,1021.0,2,46.0
9487,other,2,1175.0,2,83.0
9488,other,2,1050.0,2,59.0
9489,other,4,2400.0,3,200.0
9490,other,2,1150.0,2,57.0
9491,other,3,1200.0,2,110.0
9492,other,3,2000.0,3,85.0
9493,other,2,893.0,2,34.5
9494,other,3,1400.0,3,98.0
9495,other,3,1344.0,2,56.0
9496,other,2,1138.0,2,32.0
9497,other,3,1495.0,2,70.0
9498,other,3,1610.0,2,119.0
9499,other,2,1050.0,2,55.0
9500,other,3,1410.0,2,43.71
9501,other,2,1052.0,2,52.0
9502,other,2,1000.0,2,45.0
9503,other,3,1318.0,3,56.0
9504,other,2,800.0,2,33.0
9505,other,3,1300.0,3,42.25
9506,other,3,1300.0,2,60.0
9507,other,2,1010.0,2,52.0
9508,other,3,1520.0,3,165.0
9509,other,2,1050.0,2,45.0
9510,other,3,1567.0,2,62.0
9511,other,2,966.0,2,58.0
9512,other,4,2360.0,3,185.0
9513,other,3,1760.0,3,90.0
9514,other,2,1100.0,2,58.5
9515,other,2,1260.0,2,85.5
9516,other,2,1236.0,2,50.0
9517,other,3,2000.0,3,85.0
9518,other,2,800.0,1,45.0
9519,other,3,1892.0,3,200.0
9520,other,2,1095.0,2,39.0
9521,other,2,1050.0,2,65.0
9522,other,2,1194.0,2,46.0
9523,other,2,2400.0,2,125.0
9524,other,2,1194.0,2,47.0
9525,other,3,1200.0,3,56.53
9526,other,3,1681.0,3,69.0
9527,other,4,1600.0,3,185.0
9528,other,3,1625.0,3,92.0
9529,other,3,2200.0,4,150.0
9530,other,2,1080.0,2,38.0
9531,other,3,2300.0,3,250.0
9532,other,5,2100.0,3,145.0
9533,other,2,1269.0,2,97.0
9534,other,2,1196.0,2,56.81
9535,other,2,1194.0,2,47.0
9536,other,2,1025.0,2,39.98
9537,other,2,1067.0,2,38.0
9538,other,3,1524.0,2,72.0
9539,other,3,1410.0,2,45.12
9540,other,3,1270.0,2,95.25
9541,other,3,1353.0,2,110.0
9542,other,2,1200.0,2,68.0
9543,other,3,1250.0,2,70.0
9544,other,2,1040.0,2,68.0
9545,other,2,900.0,2,40.0
9546,other,2,1105.0,2,57.0
9547,other,1,708.0,1,41.0
9548,other,3,1600.0,3,100.0
9549,other,1,540.0,1,22.0
9550,other,2,1200.0,2,42.0
9551,other,3,1950.2,3,193.0
9552,other,2,1125.0,2,55.0
9553,other,3,1563.0,2,52.0
9554,other,3,1270.0,2,50.79
9555,other,2,1013.0,2,60.0
9556,other,3,2100.0,3,220.0
9557,other,3,1600.0,3,77.0
9558,other,2,1190.0,2,48.0
9559,other,3,1625.0,3,95.0
9560,other,2,1210.0,2,53.0
9561,other,2,1500.0,2,91.0
9562,other,2,1300.0,2,90.0
9563,other,2,1160.0,2,55.0
9564,other,2,930.0,1,55.0
9565,other,2,920.0,2,41.5
9566,other,2,1053.0,2,44.0
9567,other,3,1325.0,2,56.0
9568,other,2,1169.0,2,50.11
9569,other,2,1274.0,2,90.0
9570,other,4,2400.0,3,185.0
9571,other,2,1070.0,2,38.0
9572,other,3,1427.0,2,85.0
9573,other,2,2031.0,2,200.0
9574,other,4,2000.0,3,180.0
9575,other,2,1062.0,2,50.0
9576,other,1,700.0,1,25.5
9577,other,3,2153.0,4,120.0
9578,other,3,1200.0,3,120.0
9579,other,3,1350.0,2,47.25
9580,other,2,1068.0,2,48.0
9581,other,2,1200.0,2,115.0
9582,other,3,1450.0,3,65.0
9583,other,4,1672.0,3,190.0
9584,other,3,1500.0,2,70.0
9585,other,3,2000.0,3,200.0
9586,other,2,1150.0,2,90.0
9587,other,1,595.0,1,40.0
9588,other,4,3750.0,4,190.0
9589,other,4,2700.0,5,95.75
9590,other,3,5480.0,4,400.0
9591,other,3,1500.0,3,75.0
9592,other,2,850.0,2,25.4
9593,other,1,654.0,1,49.0
9594,other,3,5656.0,5,499.0
9595,other,2,1300.0,2,33.0
9596,other,2,950.0,2,60.0
9597,other,3,1250.0,3,54.0
9598,other,2,1072.0,2,42.87
9599,other,3,1425.0,2,65.0
9600,other,2,866.0,2,32.0
9601,other,3,1360.0,2,45.0
9602,other,2,1200.0,1,50.0
9603,other,4,3700.0,4,400.0
9604,other,2,1154.0,2,51.8
9605,other,3,1625.0,3,150.0
9606,other,2,1300.0,3,65.0
9607,other,2,1150.0,2,47.0
9608,other,3,1350.0,2,47.0
9609,other,2,950.0,2,56.0
9610,other,3,1515.0,3,80.5
9611,other,2,1100.0,2,30.0
9612,other,2,1250.0,2,65.0
9613,other,2,1200.0,2,120.0
9614,other,3,1470.0,2,99.0
9615,other,3,1550.0,2,70.0
9616,other,3,2505.0,3,165.0
9617,other,3,1410.0,2,54.0
9618,other,3,1705.0,2,86.96
9619,other,2,1194.0,2,46.0
9620,other,3,1410.5,2,70.385
9621,other,4,3206.0,5,270.0
9622,other,2,1021.0,2,45.9
9623,other,2,1231.0,2,66.0
9624,other,3,1650.0,3,135.0
9625,other,3,1443.0,2,70.0
9626,other,2,925.0,2,68.0
9627,other,2,1190.0,2,46.41
9628,other,3,1750.0,3,100.0
9629,other,1,747.0,1,27.0
9630,other,2,1113.0,2,52.0
9631,other,3,1738.0,3,110.0
9632,other,2,1194.0,2,46.0
9633,other,6,3500.0,6,115.0
9634,other,2,1150.0,2,70.0
9635,other,2,900.0,2,27.0
9636,other,2,1129.0,2,50.0
9637,other,3,1876.0,3,150.0
9638,other,3,1720.0,3,95.0
9639,other,1,500.0,1,51.0
9640,other,2,850.0,2,45.0
9641,other,2,1020.0,2,52.0
9642,other,3,1832.0,3,160.0
9643,other,3,1423.0,2,85.0
9644,other,2,1160.0,2,44.08
9645,other,2,1005.0,2,40.0
9646,other,2,950.0,2,30.0
9647,other,2,1290.0,2,71.95
9648,other,3,1650.0,3,140.0
9649,other,2,1200.0,2,47.0
9650,other,2,1220.0,2,52.0
9651,other,4,3150.0,4,150.0
9652,other,5,2000.0,5,75.0
9653,other,1,2559.0,1,55.0
9654,other,2,1200.0,2,33.0
9655,other,2,1140.0,2,43.0
9656,other,1,720.0,1,28.0
9657,other,2,1100.0,2,90.0
9658,other,2,1162.0,2,98.77
9659,other,2,1220.0,2,60.0
9660,other,3,1500.0,3,50.0
9661,other,4,5000.0,5,250.0
9662,other,2,1120.0,2,42.5
9663,other,1,600.0,1,22.8
9664,other,1,540.0,1,24.0
9665,other,3,1650.0,3,78.0
9666,other,3,1250.0,3,44.0
9667,other,3,2072.0,3,108.0
9668,other,2,1154.0,2,57.0
9669,other,2,1057.0,2,42.0
9670,other,2,980.0,2,35.0
9671,other,3,1270.0,2,35.56
9672,other,3,2400.0,3,185.0
9673,other,2,1276.0,2,150.0
9674,other,8,4000.0,8,160.0
9675,other,3,1442.0,3,80.0
9676,other,3,1432.0,3,79.0
9677,other,2,1160.0,2,49.0
9678,other,3,1500.0,3,90.0
9679,other,4,3500.0,3,425.0
9680,other,4,2340.0,5,160.0
9681,other,2,1260.0,2,55.0
9682,other,3,1855.0,3,96.0
9683,other,4,4800.0,3,200.0
9684,other,2,1175.0,2,75.0
9685,other,1,600.0,1,24.0
9686,other,3,1770.0,3,99.0
9687,other,3,1800.0,3,130.0
9688,other,2,1375.0,2,45.0
9689,other,3,1570.0,2,95.0
9690,other,3,2250.0,3,180.0
9691,other,2,1145.0,2,44.0
9692,other,3,1320.0,2,46.0
9693,other,5,2700.0,5,150.0
9694,other,5,3210.0,2,353.0
9695,other,3,1555.0,3,52.0
9696,other,2,1165.0,2,45.0
9697,other,3,1340.0,2,47.0
9698,other,2,1210.0,2,60.0
9699,other,3,1684.0,3,86.0
9700,other,3,1686.0,3,77.0
9701,other,3,1654.0,3,82.0
9702,other,3,1989.0,4,155.0
9703,other,2,1200.0,2,50.0
9704,other,3,1950.0,3,132.0
9705,other,3,1200.0,2,130.0
9706,other,2,1300.0,2,55.86
9707,other,4,2400.0,4,150.0
9708,other,3,1600.0,3,102.0
9709,other,2,1088.0,2,46.0
9710,other,3,1325.0,2,60.0
9711,other,3,1510.0,2,65.0
9712,other,2,1200.0,2,45.0
9713,other,2,1194.0,2,65.0
9714,other,2,1100.0,2,65.0
9715,other,2,1245.0,2,125.0
9716,other,3,1850.0,3,110.0
9717,other,4,2150.0,3,85.0
9718,other,2,1035.0,2,55.0
9719,other,3,1200.0,3,75.0
9720,other,1,450.0,1,20.0
9721,other,2,957.0,2,56.0
9722,other,3,1495.0,2,52.33
9723,other,3,1719.0,3,95.0
9724,other,2,1200.0,3,80.0
9725,other,2,1100.0,2,50.0
9726,other,2,890.0,2,37.0
9727,other,2,1190.0,2,55.0
9728,other,2,1162.0,2,48.0
9729,other,1,540.0,1,22.5
9730,other,4,2665.0,5,125.0
9731,other,2,970.0,2,45.0
9732,other,2,1084.0,2,51.0
9733,other,3,1500.0,3,85.0
9734,other,3,1500.0,2,58.0
9735,other,3,1360.0,2,73.0
9736,other,6,30400.0,4,1824.0
9737,other,2,1182.0,2,64.0
9738,other,3,1350.0,1,120.0
9739,other,3,1500.0,3,90.0
9740,other,3,1500.0,3,150.0
9741,other,3,2292.0,2,285.0
9742,other,3,1280.0,3,42.0
9743,other,3,1945.0,3,135.0
9744,other,2,1100.0,2,55.0
9745,other,3,1650.0,3,115.0
9746,other,4,2710.0,5,142.0
9747,other,2,1075.0,2,58.0
9748,other,3,1410.0,3,68.0
9749,other,3,1720.0,3,100.0
9750,other,2,1256.0,2,62.8
9751,other,3,1674.0,3,81.0
9752,other,3,1786.0,3,79.99
9753,other,2,1020.0,2,42.48
9754,other,3,1369.0,2,72.0
9755,other,2,1418.0,2,62.0
9756,other,3,1290.0,3,62.0
9757,other,2,1035.0,2,60.0
9758,other,2,1232.0,2,94.28
9759,other,2,980.0,2,41.0
9760,other,4,6652.0,6,660.0
9761,other,2,1307.0,2,59.0
9762,other,3,1215.0,2,49.86
9763,other,2,1180.0,2,80.0
9764,other,2,1025.0,2,43.04
9765,other,2,1150.0,2,40.25
9766,other,4,2700.0,3,230.0
9767,other,2,1125.0,2,46.0
9768,other,2,1200.0,2,45.0
9769,other,4,6688.0,6,700.0
9770,other,3,1830.0,3,95.0
9771,other,4,2872.0,4,183.0
9772,other,3,1486.0,2,65.0
9773,other,2,1274.0,2,90.0
9774,other,9,4600.0,9,150.0
9775,other,2,1100.0,2,64.08
9776,other,3,1464.0,3,56.0
9777,other,3,1975.0,3,90.0
9778,other,2,1600.0,2,90.0
9779,other,2,1100.0,2,32.0
9780,other,2,1200.0,2,46.0
9781,other,1,530.0,1,18.0
9782,other,2,1010.0,2,41.0
9783,other,3,1600.0,2,65.0
9784,other,2,1012.0,2,62.0
9785,other,2,1379.0,2,85.0
9786,other,2,1200.0,2,75.0
9787,other,4,3124.0,6,349.0
9788,other,2,1090.0,2,55.0
9789,other,8,4000.0,7,110.0
9790,other,3,1490.0,3,140.0
9791,other,2,1330.0,2,56.0
9792,other,2,1650.0,1,130.0
9793,other,2,814.0,2,43.7
9794,other,3,1480.0,2,75.0
9795,other,3,1500.0,2,78.0
9796,other,2,1155.0,2,64.0
9797,other,3,1508.0,3,77.0
9798,other,2,1225.0,2,52.0
9799,other,2,1200.0,2,70.0
9800,other,2,1015.0,2,35.0
9801,other,1,1800.0,1,200.0
9802,other,2,1095.0,2,57.0
9803,other,3,1226.0,2,60.0
9804,other,2,1000.0,2,49.5
9805,other,2,1256.0,2,65.0
9806,other,3,2111.0,3,103.0
9807,other,2,1353.0,2,110.0
9808,other,1,812.0,1,26.0
9809,other,3,1440.0,2,63.93
9810,other,4,2200.0,3,80.0
9811,other,2,1200.0,2,140.0
9812,other,2,1015.0,2,60.0
9813,other,2,1075.0,2,48.0
9814,other,3,1805.0,3,134.0
9815,other,4,3600.0,5,400.0
